0.000,0.18,0.0
0.020,1.32,57.0
0.040,2.47,57.5
0.060,3.61,56.9
0.080,4.68,53.5
0.100,5.77,54.4
0.120,6.72,47.7
0.140,7.78,53.2
0.160,8.65,43.8
0.180,9.41,38.1
0.200,10.33,46.3
0.220,11.02,34.9
0.240,11.77,37.8
0.260,12.31,27.3
0.280,13.01,35.2
0.300,13.58,28.7
0.320,13.94,18.2
0.340,14.43,24.7
0.360,14.91,24.2
0.380,15.28,18.6
0.400,15.47,9.7
0.420,15.79,16.1
0.440,15.93,7.1
0.460,16.17,12.1
0.480,16.24,3.6
0.500,16.33,4.6
0.520,16.21,-6.1
0.540,16.28,3.6
0.560,16.09,-9.8
0.580,16.00,-4.6
0.600,15.71,-14.7
0.620,15.57,-7.1
0.640,15.17,-20.2
0.660,14.91,-13.2
0.680,14.38,-26.7
0.700,14.04,-17.2
0.720,13.58,-23.1
0.740,12.93,-32.7
0.760,12.41,-26.2
0.780,11.78,-31.7
0.800,10.94,-42.2
0.820,10.31,-31.7
0.840,9.41,-45.2
0.860,8.68,-36.7
0.880,7.74,-47.2
0.900,6.83,-45.7
0.920,5.71,-56.2
0.940,4.78,-46.7
0.960,3.54,-62.2
0.980,2.48,-53.2
1.000,1.24,-62.2
1.020,0.11,-56.7
1.040,-1.09,-60.2
1.060,-2.54,-72.7
1.080,-3.58,-52.2
1.100,-4.78,-60.2
1.120,-5.74,-48.2
1.140,-6.71,-48.7
1.160,-7.78,-53.7
1.180,-8.54,-38.2
1.200,-9.48,-47.2
1.220,-10.24,-38.2
1.240,-11.11,-43.7
1.260,-11.74,-31.7
1.280,-12.31,-28.7
1.300,-13.04,-36.7
1.320,-13.48,-22.2
1.340,-14.08,-30.2
1.360,-14.41,-16.7
1.380,-14.94,-26.7
1.400,-15.28,-17.2
1.420,-15.47,-9.7
1.440,-15.74,-13.7
1.460,-16.03,-14.7
1.480,-16.14,-5.6
1.500,-16.17,-1.6
1.520,-16.31,-7.1
1.540,-16.24,3.6
1.560,-16.18,3.1
1.580,-16.11,3.6
1.600,-15.91,10.1
1.620,-15.78,6.6
1.640,-15.54,12.1
1.660,-15.24,15.1
1.680,-14.88,18.1
1.700,-14.51,18.6
1.720,-13.94,28.6
1.740,-13.54,20.1
1.760,-13.01,26.6
1.780,-12.34,33.6
1.800,-11.74,30.1
1.820,-10.98,38.1
1.840,-10.28,35.1
1.860,-9.54,37.1
1.880,-8.58,48.1
1.900,-7.74,42.1
1.920,-6.71,51.6
1.940,-5.78,46.6
1.960,-4.74,52.1
1.980,-3.58,58.1
2.000,-2.48,55.1
2.020,-1.24,62.1
2.040,0.14,69.1
2.060,1.28,57.1
2.080,2.41,56.6
2.100,3.44,51.6
2.120,4.58,57.1
2.140,5.48,45.1
2.160,6.41,46.6
2.180,7.34,46.6
2.200,8.28,47.1
2.220,9.04,38.1
2.240,9.71,33.6
2.260,10.51,40.1
2.280,11.14,31.6
2.300,11.74,30.1
2.320,12.31,28.6
2.340,12.71,20.1
2.360,13.28,28.6
2.380,13.58,15.1
2.400,14.01,21.6
2.420,14.24,11.6
2.440,14.58,17.1
2.460,14.68,5.1
2.480,14.91,11.6
2.500,15.01,5.1
2.520,14.94,-3.6
2.540,14.98,2.1
2.560,14.91,-3.6
2.580,14.84,-3.6
2.600,14.74,-5.1
2.620,14.48,-13.1
2.640,14.31,-8.6
2.660,14.01,-15.1
2.680,13.58,-21.6
2.700,13.28,-15.1
2.720,12.74,-27.1
2.740,12.31,-21.6
2.760,11.74,-28.6
2.780,11.11,-31.6
2.800,10.48,-31.6
2.820,9.78,-35.1
2.840,9.04,-37.1
2.860,8.24,-40.1
2.880,7.41,-41.6
2.900,6.48,-46.6
2.920,5.58,-45.1
2.940,4.48,-55.1
2.960,3.44,-52.1
2.980,2.34,-55.1
3.000,1.28,-53.1
3.020,0.14,-57.1
3.040,-1.01,-57.6
3.060,-2.31,-65.1
3.080,-3.34,-51.6
3.100,-4.28,-47.1
3.120,-5.31,-51.6
3.140,-6.14,-41.6
3.160,-7.04,-45.1
3.180,-7.84,-40.1
3.200,-8.58,-37.1
3.220,-9.28,-35.1
3.240,-9.91,-31.6
3.260,-10.54,-31.6
3.280,-11.11,-28.6
3.300,-11.58,-23.6
3.320,-11.98,-20.1
3.340,-12.44,-23.1
3.360,-12.78,-17.1
3.380,-13.08,-15.1
3.400,-13.34,-13.1
3.420,-13.54,-10.1
3.440,-13.71,-8.6
3.460,-13.78,-3.6
3.480,-13.84,-3.1
3.500,-13.78,3.1
3.520,-13.74,2.1
3.540,-13.71,1.6
3.560,-13.54,8.6
3.580,-13.28,13.1
3.600,-13.11,8.6
3.620,-12.74,18.6
3.640,-12.44,15.1
3.660,-12.01,21.6
3.680,-11.54,23.6
3.700,-11.11,21.6
3.720,-10.54,28.6
3.740,-9.94,30.1
3.760,-9.28,33.1
3.780,-8.58,35.1
3.800,-7.84,37.1
3.820,-7.01,41.6
3.840,-6.14,43.6
3.860,-5.28,43.1
3.880,-4.34,47.1
3.900,-3.34,50.1
3.920,-2.28,53.1
3.940,-1.14,57.1
3.960,0.11,62.6
3.980,1.14,51.6
4.000,2.18,52.1
4.020,3.11,46.6
4.040,4.14,51.6
4.060,5.08,47.1
4.080,5.91,41.6
4.100,6.68,38.6
4.120,7.44,38.1
4.140,8.14,35.1
4.160,8.78,32.1
4.180,9.41,31.6
4.200,9.88,23.6
4.220,10.44,28.1
4.240,10.91,23.6
4.260,11.28,18.6
4.280,11.64,18.1
4.300,11.94,15.1
4.320,12.18,12.1
4.340,12.34,8.1
4.360,12.54,10.1
4.380,12.64,5.1
4.400,12.68,2.1
4.420,12.71,1.6
4.440,12.64,-3.6
4.460,12.54,-5.1
4.480,12.34,-10.1
4.500,12.18,-8.1
4.520,11.94,-12.1
4.540,11.64,-15.1
4.560,11.28,-18.1
4.580,10.88,-20.1
4.600,10.44,-22.1
4.620,9.88,-28.1
4.640,9.41,-23.6
4.660,8.78,-31.6
4.680,8.14,-32.1
4.700,7.44,-35.1
4.720,6.68,-38.1
4.740,5.91,-38.6
4.760,5.08,-41.6
4.780,4.14,-47.1
4.800,3.11,-51.6
4.820,2.18,-46.6
4.840,1.14,-52.1
4.860,0.11,-51.6
4.880,-0.94,-52.6
4.900,-2.08,-57.1
4.920,-3.01,-46.6
4.940,-3.94,-46.6
4.960,-4.78,-42.1
4.980,-5.58,-40.1
5.000,-6.34,-38.1
5.020,-7.04,-35.1
5.040,-7.68,-32.1
5.060,-8.28,-30.1
5.080,-8.84,-28.1
5.100,-9.34,-25.1
5.120,-9.78,-22.1
5.140,-10.18,-20.1
5.160,-10.54,-18.1
5.180,-10.84,-15.1
5.200,-11.08,-12.1
5.220,-11.28,-10.1
5.240,-11.44,-8.1
5.260,-11.54,-5.1
5.280,-11.58,-2.1
5.300,-11.58,0.0
5.320,-11.54,2.1
5.340,-11.44,5.1
5.360,-11.28,8.1
5.380,-11.08,10.1
5.400,-10.84,12.1
5.420,-10.54,15.1
5.440,-10.18,18.1
5.460,-9.78,20.1
5.480,-9.34,22.1
5.500,-8.84,25.1
5.520,-8.28,28.1
5.540,-7.68,30.1
5.560,-7.04,32.1
5.580,-6.34,35.1
5.600,-5.58,38.1
5.620,-4.78,40.1
5.640,-3.94,42.1
5.660,-3.01,46.6
5.680,-2.08,51.1
5.700,-0.94,57.1
5.720,0.11,52.6
5.740,1.08,48.6
5.760,2.01,46.6
5.780,2.88,43.6
5.800,3.74,43.1
5.820,4.54,40.1
5.840,5.28,37.1
5.860,5.98,35.1
5.880,6.64,33.1
5.900,7.24,30.1
5.920,7.78,27.1
5.940,8.28,25.1
5.960,8.74,23.1
5.980,9.14,20.1
6.000,9.48,17.1
6.020,9.78,15.1
6.040,10.04,13.1
6.060,10.24,10.1
6.080,10.38,7.1
6.100,10.48,5.1
6.120,10.54,3.1
6.140,10.54,0.0
6.160,10.48,-3.1
6.180,10.38,-5.1
6.200,10.24,-7.1
6.220,10.04,-10.1
6.240,9.78,-13.1
6.260,9.48,-15.1
6.280,9.14,-17.1
6.300,8.74,-20.1
6.320,8.28,-23.1
6.340,7.78,-25.1
6.360,7.24,-27.1
6.380,6.64,-30.1
6.400,5.98,-33.1
6.420,5.28,-35.1
6.440,4.54,-37.1
6.460,3.74,-40.1
6.480,2.88,-43.1
6.500,2.01,-43.6
6.520,1.08,-46.6
6.540,0.11,-48.6
6.560,-0.84,-47.6
6.580,-1.88,-52.1
6.600,-2.74,-43.1
6.620,-3.54,-40.1
6.640,-4.28,-37.1
6.660,-4.98,-35.1
6.680,-5.64,-33.1
6.700,-6.24,-30.1
6.720,-6.78,-27.1
6.740,-7.28,-25.1
6.760,-7.74,-23.1
6.780,-8.14,-20.1
6.800,-8.48,-17.1
6.820,-8.78,-15.1
6.840,-9.04,-13.1
6.860,-9.24,-10.1
6.880,-9.38,-7.1
6.900,-9.48,-5.1
6.920,-9.54,-3.1
6.940,-9.54,0.0
6.960,-9.48,3.1
6.980,-9.38,5.1
7.000,-9.24,7.1
7.020,-9.04,10.1
7.040,-8.78,13.1
7.060,-8.48,15.1
7.080,-8.14,17.1
7.100,-7.74,20.1
7.120,-7.28,23.1
7.140,-6.78,25.1
7.160,-6.24,27.1
7.180,-5.64,30.1
7.200,-4.98,33.1
7.220,-4.28,35.1
7.240,-3.54,37.1
7.260,-2.74,40.1
7.280,-1.88,43.1
7.300,-0.84,47.1
7.320,0.11,47.6
7.340,0.94,41.6
7.360,1.78,42.1
7.380,2.58,40.1
7.400,3.34,38.1
7.420,4.04,35.1
7.440,4.68,32.1
7.460,5.28,30.1
7.480,5.84,28.1
7.500,6.34,25.1
7.520,6.78,22.1
7.540,7.18,20.1
7.560,7.54,18.1
7.580,7.84,15.1
7.600,8.08,12.1
7.620,8.28,10.1
7.640,8.44,8.1
7.660,8.54,5.1
7.680,8.58,2.1
7.700,8.58,0.0
7.720,8.54,-2.1
7.740,8.44,-5.1
7.760,8.28,-8.1
7.780,8.08,-10.1
7.800,7.84,-12.1
7.820,7.54,-15.1
7.840,7.18,-18.1
7.860,6.78,-20.1
7.880,6.34,-22.1
7.900,5.84,-25.1
7.920,5.28,-28.1
7.940,4.68,-30.1
7.960,4.04,-32.1
7.980,3.34,-35.1
8.000,2.58,-38.1
8.020,1.78,-40.1
8.040,0.94,-42.1
8.060,0.11,-41.6
8.080,-0.78,-44.6
8.100,-1.68,-45.1
8.120,-2.44,-38.1
8.140,-3.14,-35.1
8.160,-3.78,-32.1
8.180,-4.38,-30.1
8.200,-4.94,-28.1
8.220,-5.44,-25.1
8.240,-5.88,-22.1
8.260,-6.28,-20.1
8.280,-6.64,-18.1
8.300,-6.94,-15.1
8.320,-7.18,-12.1
8.340,-7.38,-10.1
8.360,-7.54,-8.1
8.380,-7.64,-5.1
8.400,-7.68,-2.1
8.420,-7.68,0.0
8.440,-7.64,2.1
8.460,-7.54,5.1
8.480,-7.38,8.1
8.500,-7.18,10.1
8.520,-6.94,12.1
8.540,-6.64,15.1
8.560,-6.28,18.1
8.580,-5.88,20.1
8.600,-5.44,22.1
8.620,-4.94,25.1
8.640,-4.38,28.1
8.660,-3.78,30.1
8.680,-3.14,32.1
8.700,-2.44,35.1
8.720,-1.68,38.1
8.740,-0.78,41.1
8.760,0.11,44.6
8.780,0.84,36.6
8.800,1.58,37.1
8.820,2.28,35.1
8.840,2.94,33.1
8.860,3.54,30.1
8.880,4.08,27.1
8.900,4.58,25.1
8.920,5.04,23.1
8.940,5.44,20.1
8.960,5.78,17.1
8.980,6.08,15.1
9.000,6.34,13.1
9.020,6.54,10.1
9.040,6.68,7.1
9.060,6.78,5.1
9.080,6.84,3.1
9.100,6.84,0.0
9.120,6.78,-3.1
9.140,6.68,-5.1
9.160,6.54,-7.1
9.180,6.34,-10.1
9.200,6.08,-13.1
9.220,5.78,-15.1
9.240,5.44,-17.1
9.260,5.04,-20.1
9.280,4.58,-23.1
9.300,4.08,-25.1
9.320,3.54,-27.1
9.340,2.94,-30.1
9.360,2.28,-33.1
9.380,1.58,-35.1
9.400,0.84,-37.1
9.420,0.11,-36.6
9.440,-0.68,-39.6
9.460,-1.48,-40.1
9.480,-2.14,-33.1
9.500,-2.74,-30.1
9.520,-3.28,-27.1
9.540,-3.78,-25.1
9.560,-4.24,-23.1
9.580,-4.64,-20.1
9.600,-4.98,-17.1
9.620,-5.28,-15.1
9.640,-5.54,-13.1
9.660,-5.74,-10.1
9.680,-5.88,-7.1
9.700,-5.98,-5.1
9.720,-6.04,-3.1
9.740,-6.04,0.0
9.760,-5.98,3.1
9.780,-5.88,5.1
9.800,-5.74,7.1
9.820,-5.54,10.1
9.840,-5.28,13.1
9.860,-4.98,15.1
9.880,-4.64,18.1
9.900,-4.24,20.1
9.920,-3.78,22.1
9.940,-3.28,25.1
9.960,-2.74,27.1
9.980,-2.14,30.1
10.000,-1.48,33.1
10.020,-0.68,35.1
10.040,0.11,39.6
10.060,0.74,31.6
10.080,1.38,32.1
10.100,1.98,30.1
10.120,2.54,28.1
10.140,3.04,25.1
10.160,3.48,22.1
10.180,3.88,20.1
10.200,4.24,18.1
10.220,4.54,15.1
10.240,4.78,12.1
10.260,4.98,10.1
10.280,5.14,8.1
10.300,5.24,5.1
10.320,5.28,2.1
10.340,5.28,0.0
10.360,5.24,-2.1
10.380,5.14,-5.1
10.400,4.98,-8.1
10.420,4.78,-12.1
10.440,4.54,-12.1
10.460,4.24,-15.1
10.480,3.88,-18.1
10.500,3.48,-20.1
10.520,3.04,-22.1
10.540,2.54,-25.1
10.560,1.98,-28.1
10.580,1.38,-30.1
10.600,0.74,-32.1
10.620,0.11,-31.6
10.640,-0.58,-34.6
10.660,-1.28,-35.1
10.680,-1.84,-28.1
10.700,-2.34,-25.1
10.720,-2.78,-22.1
10.740,-3.18,-20.1
10.760,-3.54,-18.1
10.780,-3.84,-15.1
10.800,-4.08,-12.1
10.820,-4.28,-10.1
10.840,-4.44,-8.1
10.860,-4.54,-5.1
10.880,-4.58,-2.1
10.900,-4.58,0.0
10.920,-4.54,2.1
10.940,-4.44,5.1
10.960,-4.28,8.1
10.980,-4.08,10.1
11.000,-3.84,12.1
11.020,-3.54,15.1
11.040,-3.18,18.1
11.060,-2.78,20.1
11.080,-2.34,22.1
11.100,-1.84,25.1
11.120,-1.28,27.1
11.140,-0.58,29.1
11.160,0.11,34.6
11.180,0.64,26.6
11.200,1.18,27.1
11.220,1.68,25.1
11.240,2.14,23.1
11.260,2.54,20.1
11.280,2.88,17.1
11.300,3.18,15.1
11.320,3.44,13.1
11.340,3.64,10.1
11.360,3.78,7.1
11.380,3.88,5.1
11.400,3.94,3.1
11.420,3.94,0.0
11.440,3.88,-3.1
11.460,3.78,-5.1
11.480,3.64,-7.1
11.500,3.44,-10.1
11.520,3.18,-13.1
11.540,2.88,-15.1
11.560,2.54,-17.1
11.580,2.14,-20.1
11.600,1.68,-23.1
11.620,1.18,-25.1
11.640,0.64,-27.1
11.660,0.11,-26.6
11.680,-0.48,-29.6
11.700,-1.08,-30.1
11.720,-1.54,-23.1
11.740,-1.94,-20.1
11.760,-2.28,-17.1
11.780,-2.58,-15.1
11.800,-2.84,-13.1
11.820,-3.04,-10.1
11.840,-3.18,-7.1
11.860,-3.28,-5.1
11.880,-3.34,-3.1
11.900,-3.34,0.0
11.920,-3.28,3.1
11.940,-3.18,5.1
11.960,-3.04,7.1
11.980,-2.84,10.1
12.000,-2.58,13.1
12.020,-2.28,15.1
12.040,-1.94,18.1
12.060,-1.54,20.1
12.080,-1.08,23.1
12.100,-0.48,25.1
12.120,0.11,29.6
12.140,0.54,21.6
12.160,0.98,22.1
12.180,1.38,20.1
12.200,1.74,18.1
12.220,2.04,15.1
12.240,2.28,12.1
12.260,2.48,10.1
12.280,2.64,8.1
12.300,2.74,5.1
12.320,2.78,2.1
12.340,2.78,0.0
12.360,2.74,-2.1
12.380,2.64,-5.1
12.400,2.48,-8.1
12.420,2.28,-10.1
12.440,2.04,-12.1
12.460,1.74,-15.1
12.480,1.38,-18.1
12.500,0.98,-20.1
12.520,0.54,-22.1
12.540,0.11,-21.6
12.560,-0.38,-24.6
12.580,-0.88,-25.1
12.600,-1.24,-18.1
12.620,-1.54,-15.1
12.640,-1.78,-12.1
12.660,-1.98,-10.1
12.680,-2.14,-8.1
12.700,-2.24,-5.1
12.720,-2.28,-2.1
12.740,-2.28,0.0
12.760,-2.24,2.1
12.780,-2.14,5.1
12.800,-1.98,8.1
12.820,-1.78,10.1
12.840,-1.54,12.1
12.860,-1.24,15.1
12.880,-0.88,18.1
12.900,-0.38,20.1
12.920,0.11,24.6
12.940,0.44,16.6
12.960,0.78,17.1
12.980,1.08,15.1
13.000,1.34,13.1
13.020,1.54,10.1
13.040,1.68,7.1
13.060,1.78,5.1
13.080,1.84,3.1
13.100,1.84,0.0
13.120,1.78,-3.1
13.140,1.68,-5.1
13.160,1.54,-7.1
13.180,1.34,-10.1
13.200,1.08,-13.1
13.220,0.78,-15.1
13.240,0.44,-17.1
13.260,0.11,-16.6
13.280,-0.28,-19.6
13.300,-0.58,-15.1
13.320,-0.84,-13.1
13.340,-1.04,-10.1
13.360,-1.18,-7.1
13.380,-1.28,-5.1
13.400,-1.34,-3.1
13.420,-1.34,0.0
13.440,-1.28,3.1
13.460,-1.18,5.1
13.480,-1.04,7.1
13.500,-0.84,10.1
13.520,-0.58,13.1
13.540,-0.28,15.1
13.560,0.11,19.6
13.580,0.34,11.6
13.600,0.58,12.1
13.620,0.78,10.1
13.640,0.94,8.1
13.660,1.04,5.1
13.680,1.08,2.1
13.700,1.08,0.0
13.720,1.04,-2.1
13.740,0.94,-5.1
13.760,0.78,-8.1
13.780,0.58,-10.1
13.800,0.34,-12.1
13.820,0.11,-11.6
13.840,-0.18,-14.6
13.860,-0.38,-10.1
13.880,-0.54,-8.1
13.900,-0.64,-5.1
13.920,-0.68,-2.1
13.940,-0.68,0.0
13.960,-0.64,2.1
13.980,-0.54,5.1
14.000,-0.38,8.1
14.020,-0.18,10.1
14.040,0.11,14.6
14.060,0.24,6.6
14.080,0.38,7.1
14.100,0.48,5.1
14.120,0.54,3.1
14.140,0.54,0.0
14.160,0.48,-3.1
14.180,0.38,-5.1
14.200,0.24,-7.1
14.220,0.11,-6.6
14.240,-0.08,-9.6
14.260,-0.18,-5.1
14.280,-0.24,-3.1
14.300,-0.24,0.0
14.320,-0.18,3.1
14.340,-0.08,5.1
14.360,0.11,9.6
14.380,0.14,1.6
14.400,0.18,2.1
14.420,0.18,0.0
14.440,0.14,-2.1
14.460,0.11,-1.6
14.480,0.08,-1.6
14.500,0.11,1.6
