time_ms,input,output
0,1023,55
1,1023,278
2,1023,464
3,1023,609
4,1023,715
5,1023,794
6,1023,853
7,1023,896
8,1023,928
9,1023,951
10,1023,970
11,1023,983
12,1023,993
13,1023,1000
14,1023,1005
15,1023,1009
16,1023,1011
17,1023,1014
18,1023,1015
19,1023,1017
20,1023,1017
21,1023,1018
22,1023,1018
23,1023,1019
24,1023,1019
25,1023,1020
26,1023,1019
27,1023,1020
28,1023,1020
29,1023,1020
30,1023,1019
31,1023,1020
32,1023,1021
33,1023,1021
34,1023,1020
35,1023,1021
36,1023,1020
37,1023,1021
38,1023,1021
39,1023,1020
40,1023,1021
41,1023,1020
42,1023,1021
43,1023,1020
44,1023,1021
45,1023,1021
46,1023,1021
47,1023,1020
48,1023,1022
49,1023,1021
50,0,980
51,0,752
52,0,561
53,0,413
54,0,302
55,0,220
56,0,160
57,0,117
58,0,85
59,0,63
60,0,46
61,0,34
62,0,25
63,0,19
64,0,14
65,0,10
66,0,8
67,0,6
68,0,4
69,0,3
70,0,2
71,0,2
72,0,1
73,0,1
74,0,0
75,0,0
76,0,0
77,0,0
78,0,0
79,0,0
80,0,0
81,0,0
82,0,0
83,0,0
84,0,0
85,0,0
86,0,0
87,0,0
88,0,0
89,0,0
90,0,0
91,0,0
92,0,0
93,0,0
94,0,0
95,0,0
96,0,0
97,0,0
98,0,0
99,0,0
100,1023,67
101,1023,298
102,1023,486
103,1023,631
104,1023,737
105,1023,815
106,1023,871
107,1023,913
108,1023,942
109,1023,963
110,1023,978
111,1023,990
112,1023,998
113,1023,1004
114,1023,1008
115,1023,1011
116,1023,1013
117,1023,1015
118,1023,1016
119,1023,1017
120,1023,1018
121,1023,1019
122,1023,1019
123,1023,1020
124,1023,1020
125,1023,1020
126,1023,1020
127,1023,1020
128,1023,1020
129,1023,1020
130,1023,1020
131,1023,1020
132,1023,1021
133,1023,1021
134,1023,1021
135,1023,1020
136,1023,1020
137,1023,1020
138,1023,1020
139,1023,1021
140,1023,1021
141,1023,1021
142,1023,1022
143,1023,1022
144,1023,1020
145,1023,1020
146,1023,1020
147,1023,1021
148,1023,1021
149,1023,1022
150,0,973
151,0,739
152,0,545
153,0,396
154,0,286
155,0,207
156,0,149
157,0,107
158,0,78
159,0,57
160,0,41
161,0,30
162,0,22
163,0,16
164,0,12
165,0,8
166,0,7
167,0,5
168,0,4
169,0,3
170,0,2
171,0,2
172,0,1
173,0,1
174,0,0
175,0,0
176,0,0
177,0,0
178,0,0
179,0,0
180,0,0
181,0,0
182,0,0
183,0,0
184,0,0
185,0,0
186,0,0
187,0,0
188,0,0
189,0,0
190,0,0
191,0,0
192,0,0
193,0,0
194,0,0
195,0,0
196,0,0
197,0,0
198,0,0
199,0,0
200,1023,67
201,1023,297
202,1023,486
203,1023,631
204,1023,737
205,1023,815
206,1023,872
207,1023,913
208,1023,942
209,1023,964
210,1023,978
211,1023,990
212,1023,998
213,1023,1004
214,1023,1008
215,1023,1011
216,1023,1013
217,1023,1015
218,1023,1016
219,1023,1017
220,1023,1018
221,1023,1019
222,1023,1020
223,1023,1020
224,1023,1020
225,1023,1020
226,1023,1019
227,1023,1020
228,1023,1020
229,1023,1020
230,1023,1020
231,1023,1021
232,1023,1021
233,1023,1021
234,1023,1021
235,1023,1021
236,1023,1022
237,1023,1021
238,1023,1021
239,1023,1020
240,1023,1020
241,1023,1020
242,1023,1020
243,1023,1020
244,1023,1020
245,1023,1021
246,1023,1021
247,1023,1021
248,1023,1021
249,1023,1022
250,0,973
251,0,739
252,0,544
253,0,396
254,0,287
255,0,207
256,0,148
257,0,107
258,0,77
259,0,57
260,0,41
261,0,30
262,0,22
263,0,16
264,0,12
265,0,9
266,0,7
267,0,5
268,0,4
269,0,3
270,0,2
271,0,2
272,0,1
273,0,1
274,0,0
275,0,0
276,0,0
277,0,0
278,0,0
279,0,0
280,0,0
281,0,0
282,0,0
283,0,0
284,0,0
285,0,0
286,0,0
287,0,0
288,0,0
289,0,0
290,0,0
291,0,0
292,0,0
293,0,0
294,0,0
295,0,0
296,0,0
297,0,0
298,0,0
299,0,0
300,1023,67
301,1023,297
302,1023,486
303,1023,631
304,1023,737
305,1023,815
306,1023,871
307,1023,912
308,1023,942
309,1023,963
310,1023,979
311,1023,989
312,1023,998
313,1023,1003
314,1023,1008
315,1023,1011
316,1023,1014
317,1023,1015
318,1023,1017
319,1023,1018
320,1023,1018
321,1023,1019
322,1023,1020
323,1023,1019
324,1023,1019
325,1023,1019
326,1023,1019
327,1023,1020
328,1023,1021
329,1023,1022
330,1023,1021
331,1023,1020
332,1023,1020
333,1023,1020
334,1023,1020
335,1023,1020
336,1023,1020
337,1023,1020
338,1023,1021
339,1023,1021
340,1023,1021
341,1023,1021
342,1023,1021
343,1023,1021
344,1023,1021
345,1023,1021
346,1023,1022
347,1023,1021
348,1023,1021
349,1023,1022
350,0,972
351,0,739
352,0,545
353,0,396
354,0,286
355,0,207
356,0,149
357,0,107
358,0,78
359,0,57
360,0,41
361,0,30
362,0,22
363,0,16
364,0,12
365,0,9
366,0,7
367,0,5
368,0,4
369,0,3
370,0,2
371,0,1
372,0,1
373,0,1
374,0,0
375,0,0
376,0,0
377,0,0
378,0,0
379,0,0
380,0,0
381,0,0
382,0,0
383,0,0
384,0,0
385,0,0
386,0,0
387,0,0
388,0,0
389,0,0
390,0,0
391,0,0
392,0,0
393,0,0
394,0,0
395,0,0
396,0,0
397,0,0
398,0,0
399,0,0
400,1023,67
401,1023,297
402,1023,486
403,1023,631
404,1023,737
405,1023,815
406,1023,871
407,1023,912
408,1023,942
409,1023,962
410,1023,979
411,1023,989
412,1023,998
413,1023,1004
414,1023,1008
415,1023,1012
416,1023,1014
417,1023,1015
418,1023,1016
419,1023,1017
420,1023,1018
421,1023,1019
422,1023,1020
423,1023,1019
424,1023,1020
425,1023,1020
426,1023,1019
427,1023,1020
428,1023,1020
429,1023,1021
430,1023,1021
431,1023,1021
432,1023,1020
433,1023,1020
434,1023,1020
435,1023,1020
436,1023,1021
437,1023,1021
438,1023,1021
439,1023,1021
440,1023,1021
441,1023,1020
442,1023,1020
443,1023,1020
444,1023,1021
445,1023,1021
446,1023,1021
447,1023,1021
448,1023,1021
449,1023,1020
450,0,973
451,0,739
452,0,545
453,0,396
454,0,286
455,0,206
456,0,149
457,0,107
458,0,78
459,0,56
460,0,41
461,0,30
462,0,22
463,0,16
464,0,12
465,0,9
466,0,7
467,0,5
468,0,4
469,0,3
470,0,2
471,0,1
472,0,1
473,0,1
474,0,0
475,0,0
476,0,0
477,0,0
478,0,0
479,0,0
480,0,0
481,0,0
482,0,0
483,0,0
484,0,0
485,0,0
486,0,0
487,0,0
488,0,0
489,0,0
490,0,0
491,0,0
492,0,0
493,0,0
494,0,0
495,0,0
496,0,0
497,0,0
498,0,0
499,0,0
500,1023,67
501,1023,297
502,1023,486
503,1023,631
504,1023,737
505,1023,815
506,1023,871
507,1023,913
508,1023,941
509,1023,963
510,1023,979
511,1023,990
512,1023,998
513,1023,1003
514,1023,1008
515,1023,1011
516,1023,1014
517,1023,1015
518,1023,1017
519,1023,1017
520,1023,1018
521,1023,1018
522,1023,1018
523,1023,1019
524,1023,1019
525,1023,1020
526,1023,1020
527,1023,1020
528,1023,1020
529,1023,1020
530,1023,1020
531,1023,1020
532,1023,1020
533,1023,1021
534,1023,1021
535,1023,1020
536,1023,1020
537,1023,1020
538,1023,1021
539,1023,1021
540,1023,1021
541,1023,1021
542,1023,1021
543,1023,1021
544,1023,1020
545,1023,1021
546,1023,1021
547,1023,1021
548,1023,1021
549,1023,1021
550,0,972
551,0,739
552,0,545
553,0,396
554,0,286
555,0,206
556,0,149
557,0,107
558,0,78
559,0,56
560,0,41
561,0,30
562,0,22
563,0,16
564,0,12
565,0,9
566,0,7
567,0,5
568,0,4
569,0,3
570,0,2
571,0,2
572,0,1
573,0,1
574,0,0
575,0,0
576,0,0
577,0,0
578,0,0
579,0,0
580,0,0
581,0,0
582,0,0
583,0,0
584,0,0
585,0,0
586,0,0
587,0,0
588,0,0
589,0,0
590,0,0
591,0,0
592,0,0
593,0,0
594,0,0
595,0,0
596,0,0
597,0,0
598,0,0
599,0,0
600,1023,67
601,1023,297
602,1023,486
603,1023,631
604,1023,737
605,1023,815
606,1023,872
607,1023,912
608,1023,942
609,1023,963
610,1023,978
611,1023,990
612,1023,998
613,1023,1004
614,1023,1008
615,1023,1011
616,1023,1014
617,1023,1015
618,1023,1018
619,1023,1018
620,1023,1018
621,1023,1018
622,1023,1019
623,1023,1019
624,1023,1019
625,1023,1020
626,1023,1021
627,1023,1020
628,1023,1020
629,1023,1020
630,1023,1020
631,1023,1020
632,1023,1021
633,1023,1021
634,1023,1021
635,1023,1020
636,1023,1020
637,1023,1020
638,1023,1021
639,1023,1021
640,1023,1021
641,1023,1021
642,1023,1021
643,1023,1020
644,1023,1020
645,1023,1021
646,1023,1021
647,1023,1021
648,1023,1021
649,1023,1022
650,0,973
651,0,739
652,0,545
653,0,397
654,0,287
655,0,206
656,0,149
657,0,107
658,0,78
659,0,56
660,0,41
661,0,30
662,0,22
663,0,17
664,0,12
665,0,8
666,0,7
667,0,5
668,0,4
669,0,3
670,0,2
671,0,2
672,0,1
673,0,0
674,0,1
675,0,0
676,0,0
677,0,0
678,0,0
679,0,0
680,0,0
681,0,0
682,0,0
683,0,0
684,0,0
685,0,0
686,0,0
687,0,0
688,0,0
689,0,0
690,0,0
691,0,0
692,0,0
693,0,0
694,0,0
695,0,0
696,0,0
697,0,0
698,0,0
699,0,0
700,1023,67
701,1023,297
702,1023,486
703,1023,631
704,1023,737
705,1023,815
706,1023,871
707,1023,912
708,1023,942
709,1023,963
710,1023,979
711,1023,990
712,1023,998
713,1023,1004
714,1023,1008
715,1023,1011
716,1023,1013
717,1023,1015
718,1023,1016
719,1023,1018
720,1023,1019
721,1023,1018
722,1023,1019
723,1023,1019
724,1023,1019
725,1023,1020
726,1023,1020
727,1023,1020
728,1023,1020
729,1023,1020
730,1023,1020
731,1023,1021
732,1023,1021
733,1023,1021
734,1023,1021
735,1023,1020
736,1023,1020
737,1023,1020
738,1023,1021
739,1023,1021
740,1023,1021
741,1023,1021
742,1023,1021
743,1023,1020
744,1023,1021
745,1023,1021
746,1023,1021
747,1023,1021
748,1023,1021
749,1023,1021
750,0,973
751,0,739
752,0,545
753,0,397
754,0,287
755,0,207
756,0,149
757,0,107
758,0,78
759,0,57
760,0,41
761,0,30
762,0,22
763,0,16
764,0,12
765,0,9
766,0,7
767,0,5
768,0,4
769,0,3
770,0,2
771,0,2
772,0,1
773,0,0
774,0,0
775,0,0
776,0,0
777,0,0
778,0,0
779,0,0
780,0,0
781,0,0
782,0,0
783,0,0
784,0,0
785,0,0
786,0,0
787,0,0
788,0,0
789,0,0
790,0,0
791,0,0
792,0,0
793,0,0
794,0,0
795,0,0
796,0,0
797,0,0
798,0,0
799,0,0
800,1023,67
801,1023,297
802,1023,486
803,1023,631
804,1023,737
805,1023,815
806,1023,871
807,1023,913
808,1023,941
809,1023,963
810,1023,978
811,1023,990
812,1023,998
813,1023,1004
814,1023,1008
815,1023,1011
816,1023,1013
817,1023,1015
818,1023,1016
819,1023,1017
820,1023,1018
821,1023,1019
822,1023,1019
823,1023,1019
824,1023,1020
825,1023,1020
826,1023,1021
827,1023,1020
828,1023,1020
829,1023,1020
830,1023,1020
831,1023,1020
832,1023,1020
833,1023,1020
834,1023,1020
835,1023,1021
836,1023,1021
837,1023,1021
838,1023,1021
839,1023,1021
840,1023,1020
841,1023,1020
842,1023,1021
843,1023,1021
844,1023,1021
845,1023,1021
846,1023,1022
847,1023,1021
848,1023,1021
849,1023,1020
850,0,973
851,0,739
852,0,545
853,0,397
854,0,287
855,0,207
856,0,149
857,0,107
858,0,77
859,0,56
860,0,41
861,0,30
862,0,22
863,0,16
864,0,12
865,0,9
866,0,7
867,0,5
868,0,4
869,0,3
870,0,2
871,0,2
872,0,1
873,0,1
874,0,0
875,0,0
876,0,0
877,0,0
878,0,0
879,0,0
880,0,0
881,0,0
882,0,0
883,0,0
884,0,0
885,0,0
886,0,0
887,0,0
888,0,0
889,0,0
890,0,0
891,0,0
892,0,0
893,0,0
894,0,0
895,0,0
896,0,0
897,0,0
898,0,0
899,0,0
900,1023,67
901,1023,297
902,1023,486
903,1023,631
904,1023,737
905,1023,815
906,1023,871
907,1023,913
908,1023,941
909,1023,963
910,1023,978
911,1023,990
912,1023,998
913,1023,1004
914,1023,1008
915,1023,1011
916,1023,1013
917,1023,1015
918,1023,1016
919,1023,1017
920,1023,1018
921,1023,1018
922,1023,1019
923,1023,1019
924,1023,1020
925,1023,1020
926,1023,1020
927,1023,1020
928,1023,1020
929,1023,1021
930,1023,1021
931,1023,1020
932,1023,1020
933,1023,1021
934,1023,1020
935,1023,1020
936,1023,1020
937,1023,1020
938,1023,1020
939,1023,1020
940,1023,1020
941,1023,1021
942,1023,1021
943,1023,1021
944,1023,1021
945,1023,1021
946,1023,1021
947,1023,1021
948,1023,1021
949,1023,1022
950,0,973
951,0,739
952,0,545
953,0,396
954,0,286
955,0,207
956,0,149
957,0,107
958,0,78
959,0,58
960,0,41
961,0,30
962,0,22
963,0,17
964,0,12
965,0,9
966,0,7
967,0,5
968,0,4
969,0,3
970,0,2
971,0,2
972,0,1
973,0,1
974,0,0
975,0,0
976,0,0
977,0,0
978,0,0
979,0,0
980,0,0
981,0,0
982,0,0
983,0,0
984,0,0
985,0,0
986,0,0
987,0,0
988,0,0
989,0,0
990,0,0
991,0,0
992,0,0
993,0,0
994,0,0
995,0,0
996,0,0
997,0,0
998,0,0
999,0,0
