45,1,0,0
69,13,2,1
95,35,9,4
119,57,21,10
145,71,35,17
169,86,52,26
194,96,69,35
220,115,85,47
244,121,97,59
270,120,107,71
294,122,114,83
319,123,120,94
345,118,120,102
369,113,119,108
395,111,117,112
419,102,113,114
445,83,105,112
470,70,95,108
494,54,84,101
520,38,69,93
544,29,54,84
570,24,43,74
594,24,33,64
619,22,27,55
645,20,23,46
669,19,21,38
695,19,20,31
719,18,19,26
745,18,18,23
771,18,18,21
795,17,18,19
821,16,17,19
845,17,17,18
871,17,17,17
896,16,16,17
920,16,16,17
946,16,16,16
970,16,16,16
996,15,15,16
1020,15,15,16
1045,24,17,16
1071,42,22,19
1095,59,31,23
1121,77,43,29
1145,91,58,37
1171,99,73,45
1197,116,88,55
1221,124,101,66
1247,118,109,76
1271,122,115,87
1297,130,122,97
1321,127,124,106
1346,123,124,112
1372,117,123,116
1396,110,121,118
1422,97,114,118
1446,85,106,115
1471,70,95,109
1497,56,83,103
1521,38,69,95
1547,29,55,85
1571,25,43,75
1597,24,34,65
1622,22,27,55
1646,21,24,46
1672,20,22,39
1696,19,21,32
1722,18,20,27
1746,18,19,23
1771,18,18,21
1797,18,18,20
1821,17,17,19
1847,17,17,18
1871,16,17,18
1897,16,16,17
1923,17,16,17
1947,17,16,17
1973,16,16,17
1997,16,16,16
2023,18,16,16
2048,29,19,17
2072,44,24,20
2098,58,33,24
2122,76,45,30
2148,91,59,38
2172,102,74,46
2197,110,87,56
2223,123,100,66
2247,128,110,77
2273,121,116,88
2297,123,121,97
2323,129,124,106
2349,120,124,112
2373,115,121,116
2399,108,119,117
2423,97,113,117
2449,88,105,115
2473,74,96,110
2498,55,84,103
2524,37,70,94
2548,29,56,85
2574,26,44,74
2598,24,34,65
2623,22,27,56
2649,20,24,47
2673,20,22,39
2699,19,21,32
2723,18,19,27
2749,18,19,23
2774,18,18,21
2798,18,18,20
2824,17,17,19
2848,16,17,18
2874,17,17,18
2898,16,16,17
2923,17,16,17
2949,18,16,17
2973,17,17,17
2999,16,16,17
3023,18,17,17
3049,30,19,18
3075,43,24,20
3099,59,33,25
3125,80,46,31
3149,94,61,39
3175,104,76,47
3200,114,90,57
3224,122,102,68
3250,122,111,78
3274,123,117,89
3300,132,122,99
3324,132,126,108
3349,126,127,114
3375,111,124,118
3399,105,121,119
3425,98,114,118
3449,86,105,115
3475,71,94,110
3501,52,82,103
3525,36,68,94
3551,30,55,84
3575,26,43,74
3601,23,33,63
3625,21,27,54
3650,20,24,46
3676,20,22,38
3700,19,20,31
3726,19,19,26
3750,18,19,23
3775,18,18,21
3801,17,18,20
3825,17,17,19
3851,17,17,18
3875,17,17,18
3901,16,16,17
3926,16,16,17
3950,16,16,17
3976,16,16,16
4000,16,16,16
4026,19,16,16
4050,31,19,18
4075,49,26,21
4101,61,35,25
4125,76,47,31
4151,95,62,39
4175,106,77,48
4201,113,90,58
4227,121,102,68
4251,125,112,79
4277,130,119,90
4301,131,124,100
4327,123,126,108
4352,118,125,113
4376,111,122,117
4402,110,118,118
4426,99,112,118
4452,81,103,114
4476,68,93,109
4501,52,82,102
4527,36,67,92
4551,29,53,82
4577,25,42,72
4601,24,33,63
4627,21,27,54
4653,21,24,45
4677,20,22,37
4703,19,21,31
4727,18,19,26
4753,18,19,23
4777,18,18,21
4802,17,18,20
4828,17,17,19
4852,17,17,18
4878,17,17,18
4902,16,16,17
4927,16,16,17
4953,16,16,17
4977,16,16,16
5003,16,16,16
5027,20,16,16
5053,31,19,18
5078,46,25,21
5102,63,35,25
5128,86,49,32
5152,99,65,40
5178,100,78,49
5202,111,91,58
5227,119,103,69
5253,127,111,80
5277,128,117,91
5303,130,123,100
5327,129,126,109
5353,119,126,114
5379,121,125,118
5403,111,122,119
5429,92,114,118
5453,80,104,115
5479,69,94,110
5504,51,80,103
5528,36,65,93
5554,30,53,83
5578,26,42,73
5604,23,33,63
5628,22,27,54
5653,20,24,44
5679,20,22,37
5703,19,20,31
5729,18,19,26
5753,18,19,23
5779,17,18,21
5805,18,18,20
5829,18,17,19
5855,17,17,18
5879,17,17,18
5905,17,17,17
5929,17,17,17
5954,16,16,17
5980,16,16,17
6004,16,16,16
6030,20,17,17
6054,32,20,18
6079,49,26,21
6105,69,37,26
6129,86,51,33
6155,93,65,41
6179,103,80,50
6205,121,94,60
6230,126,105,71
6254,129,114,82
6280,127,121,93
6304,127,126,103
6330,126,127,110
6354,120,125,115
6379,113,122,118
6405,111,119,120
6429,100,114,120
6455,80,104,115
6479,66,94,109
6505,50,81,102
6531,34,66,92
6555,28,51,82
6581,25,40,72
6605,23,32,63
6631,22,26,53
6656,21,23,44
6680,20,22,36
6706,19,21,30
6730,19,20,26
6756,18,19,22
6780,17,18,21
6805,18,18,20
6831,16,17,19
6855,18,17,18
6881,17,17,18
6905,17,17,17
6931,17,17,17
6957,16,17,17
6981,16,16,17
7007,17,16,16
7031,21,17,17
7057,32,20,18
7081,49,27,22
7106,67,37,26
7132,82,50,33
7156,95,65,41
7182,111,80,50
7206,120,95,61
7231,128,107,72
7257,121,115,82
7281,125,121,93
7307,131,125,102
7331,127,126,110
7357,121,125,116
7382,115,123,119
7406,108,120,120
7432,94,113,119
7456,80,103,115
7482,68,93,109
7506,49,79,101
7531,35,65,92
7557,28,52,82
7581,25,41,72
7607,23,32,62
7631,21,26,53
7657,21,23,44
7683,19,21,36
7707,19,20,30
7733,19,19,25
7757,18,19,22
7783,17,18,21
7808,17,18,19
7832,17,17,19
7858,17,17,18
7882,17,17,18
7908,18,17,17
7932,17,17,17
7957,17,17,17
7983,16,17,17
8007,16,16,16
8033,21,17,17
8057,35,21,19
8083,49,27,22
8109,70,38,27
8133,85,52,34
8159,98,67,42
8183,110,82,51
8209,115,95,61
8233,119,105,71
8258,122,112,82
8284,134,120,93
8308,133,124,103
8334,122,126,110
8358,118,125,115
8383,113,124,118
8409,105,118,119
8433,93,110,117
8459,83,102,114
8483,67,92,109
8509,46,78,101
8534,34,64,91
8558,28,51,80
8584,25,40,71
8608,23,31,61
8634,21,26,52
8658,19,23,43
8683,21,21,36
8709,19,20,30
8733,18,19,25
8759,19,19,22
8783,17,18,21
8809,18,18,20
8835,17,17,19
8859,17,17,18
8885,17,17,18
8909,16,17,17
8935,16,16,17
8960,16,16,17
8984,17,16,17
9010,17,16,16
9034,22,17,17
9060,35,21,19
9084,50,28,22
9109,66,38,27
9135,87,52,34
9159,99,67,42
9185,108,82,51
9209,118,95,61
9235,122,106,72
9261,130,115,83
9285,132,122,94
9311,124,125,103
9335,119,125,110
9361,124,125,116
9385,116,123,119
9410,105,117,119
9436,91,111,118
9460,79,103,114
9486,63,90,108
9510,45,76,99
9535,33,62,89
9561,28,49,80
9585,25,38,70
9611,22,30,60
9635,21,25,51
9661,20,23,42
9686,19,21,35
9710,19,20,29
9736,20,19,25
9760,18,19,22
9786,17,18,20
9810,18,18,19
9835,17,18,19
9861,17,17,18
9885,17,17,18
9911,16,17,17
9935,16,16,17
9961,16,16,17
9987,17,16,16
10011,17,16,16
10037,22,17,17
10061,36,21,19
10087,57,29,23
10112,74,41,28
10136,89,55,36
10162,95,70,43
10186,107,84,53
10212,119,96,63
10236,123,106,73
10261,126,114,84
10287,131,121,95
10311,131,126,105
10337,121,126,111
10361,116,125,115
10387,117,123,118
10413,98,116,118
10437,87,107,116
10463,79,99,112
10487,62,88,106
10513,45,74,98
10537,33,61,88
10562,28,49,78
10588,24,38,68
10612,22,30,59
10638,21,25,49
10662,20,23,42
10687,19,21,35
10713,19,20,29
10737,18,19,24
10763,18,18,22
10787,17,18,20
10813,18,18,19
10838,18,17,19
10862,17,17,18
10888,17,17,18
10912,16,17,17
10938,17,17,17
10962,16,16,17
10987,16,16,17
11013,15,16,16
11037,23,17,17
11063,37,21,19
11087,53,28,22
11113,77,41,28
11139,84,54,35
11163,95,69,43
11189,114,84,53
11213,121,98,63
11239,122,107,74
11264,126,115,85
11288,129,122,95
11314,126,124,104
11338,122,125,111
11364,123,125,116
11388,118,123,119
11413,107,119,120
11439,88,111,118
11463,75,102,113
11489,62,90,107
11513,43,75,99
11539,30,59,89
11565,27,47,79
11589,24,37,69
11615,23,29,59
11639,21,25,50
11665,20,23,41
11689,19,21,34
11714,19,20,28
11740,18,19,24
11764,18,18,21
11790,16,18,20
11814,18,17,19
11839,18,17,19
11865,17,17,18
11889,17,17,18
11915,17,17,17
11939,17,17,17
11965,16,16,17
11990,16,16,17
12014,16,16,16
12040,23,17,17
12064,38,21,19
12090,57,30,23
12114,75,41,29
12139,91,56,36
12165,98,71,44
12189,106,85,53
12215,123,98,64
12239,128,109,75
12265,124,115,86
12291,130,122,97
12315,128,126,106
12341,125,127,112
12365,121,125,117
12391,109,122,119
12416,99,116,119
12440,88,108,117
12466,78,99,113
12490,61,87,106
12516,41,73,98
12540,32,60,88
12565,26,47,78
12591,24,36,67
12615,22,29,58
12641,21,25,49
12665,20,22,41
12691,19,21,34
12717,19,20,28
12741,19,19,24
12767,17,18,21
12791,17,18,20
12817,17,17,19
12841,17,17,18
12866,17,17,18
12892,17,17,17
12916,17,17,17
12942,16,16,17
12966,16,16,17
12991,16,16,16
13017,17,16,16
13041,24,17,17
13067,36,21,19
13091,55,29,23
13117,73,41,28
13142,87,55,35
13166,99,70,43
13192,115,85,53
13216,123,99,64
13242,119,108,74
13266,122,115,85
13291,125,120,95
13317,129,123,104
13341,125,124,111
13367,119,124,116
13391,112,122,118
13417,100,117,118
13443,94,110,116
13467,78,100,112
13493,58,88,106
13517,40,74,98
13543,30,60,88
13568,27,46,78
13592,24,35,68
13618,21,28,58
13642,21,24,49
13668,20,22,41
13692,19,21,33
13717,18,19,27
13743,19,19,23
13767,18,18,21
13793,17,18,20
13817,17,17,19
13843,17,17,18
13869,17,17,18
13893,15,16,17
13919,17,16,17
13943,16,16,17
13969,17,16,17
13993,16,16,16
14018,16,16,16
14044,24,17,17
14068,39,22,19
14094,59,30,23
14118,75,42,29
14143,89,57,36
14169,103,73,45
14193,113,87,55
14219,116,99,65
14243,121,108,75
14269,132,117,87
14294,134,123,98
14318,131,126,107
14344,120,127,113
14368,116,126,117
14394,111,122,119
14418,101,115,119
14443,88,107,117
14469,78,98,113
14493,59,87,107
14519,38,72,97
14543,30,58,87
14569,26,46,76
14595,23,35,67
14619,21,27,57
14645,21,24,48
14669,20,22,40
14695,20,21,33
14720,19,20,27
14744,19,19,23
14770,18,19,21
14794,17,18,20
14820,18,18,19
14844,17,17,19
14869,17,17,18
14895,16,17,18
14919,16,16,17
14945,17,16,17
14969,16,16,17
14995,17,16,16
15021,16,16,16
15045,25,18,17
15071,44,23,20
15095,62,32,24
15121,72,43,30
15145,88,58,37
15170,101,73,45
15196,113,87,55
15220,119,98,65
15246,127,109,76
15270,131,118,88
15295,132,124,98
15321,122,126,106
15345,118,126,112
15371,121,124,117
15395,112,121,119
15421,97,114,119
15446,86,106,116
15470,73,97,111
15496,57,85,104
15520,39,70,95
15546,30,57,85
15570,27,45,76
15595,24,35,66
15621,21,28,56
15645,20,24,47
15671,20,22,39
15695,19,20,33
15721,17,19,27
15747,18,18,23
15771,18,18,21
15797,18,18,20
15821,18,17,19
15847,17,17,18
15872,16,17,18
15896,16,17,17
15922,17,16,17
15946,17,16,17
15972,16,16,17
15996,18,16,17
16021,17,17,17
16047,26,18,17
16071,42,23,20
16097,63,33,24
16121,79,45,31
16147,86,59,38
16173,106,75,47
16197,115,89,56
16223,119,101,67
16247,125,110,77
16273,126,118,88
16297,126,122,98
16322,124,124,106
16348,128,125,113
16372,122,125,117
16398,105,121,119
16422,94,114,118
16447,82,106,115
16473,72,95,110
16497,56,81,103
16523,38,68,94
16547,30,55,85
16573,25,44,75
16598,23,34,64
16622,21,27,54
16648,21,24,46
16672,20,22,38
16698,19,20,32
16722,18,19,27
16747,18,19,23
16773,18,18,21
16797,17,18,20
16823,18,17,19
16847,18,17,18
16873,17,17,18
16899,17,17,18
16923,17,17,17
16949,16,17,17
16973,16,16,17
16999,17,16,17
17024,18,16,17
17048,28,19,18
17074,47,25,21
17098,66,35,25
17124,76,47,31
17148,89,61,39
17173,98,75,47
17199,118,89,57
17223,124,101,68
17249,124,110,78
17273,127,118,89
17299,127,124,99
17325,128,126,107
17349,126,126,113
17375,113,124,117
17399,105,119,119
17425,101,114,119
17449,88,106,116
17474,72,95,111
17500,53,83,104
17524,37,70,95
17550,29,55,85
17574,26,43,75
17599,24,33,64
17625,22,27,55
17649,21,24,47
17675,20,22,39
17699,19,21,32
17725,19,20,27
17750,18,19,23
17774,18,18,21
17800,16,18,20
17824,19,18,19
17850,17,17,18
17874,17,17,18
17899,16,17,17
17925,17,17,17
17949,17,16,17
17975,16,16,17
17999,16,16,16
18025,18,16,16
18051,27,18,18
18075,47,24,20
18101,63,34,25
18125,78,46,31
18151,97,62,39
18176,110,79,48
18200,120,93,59
18226,115,104,69
18250,122,112,79
18276,131,119,91
18300,130,123,101
18325,127,125,109
18351,123,126,115
18375,118,125,119
18401,106,120,120
18425,95,113,118
18451,87,105,115
18477,68,94,110
18501,51,81,103
18527,37,67,94
18551,29,54,84
18577,25,42,73
18601,23,33,63
18626,22,27,54
18652,21,24,45
18676,20,22,38
18702,19,21,31
18726,19,20,26
18751,18,19,23
18777,18,18,21
18801,17,18,20
18827,17,17,19
18851,17,17,18
18877,17,17,18
18902,17,17,17
18926,17,17,17
18952,16,16,17
18976,16,16,17
19002,16,16,16
19026,20,17,17
19051,30,19,18
19077,44,25,21
19101,63,34,25
19127,79,47,31
19151,93,61,39
19177,108,77,48
19203,111,90,58
19227,117,101,68
19253,132,112,79
19277,133,120,91
19303,125,123,100
19328,124,126,108
19352,121,127,114
19378,115,123,117
19402,106,118,119
19428,99,113,118
19452,88,105,116
19477,71,95,111
19503,51,83,103
19527,36,69,93
19553,29,55,84
19577,26,42,74
19603,23,33,64
19629,21,27,55
19653,20,23,46
19679,20,22,38
19703,19,20,31
19729,18,19,26
19753,18,19,23
19778,17,18,21
19804,18,18,20
19828,17,17,19
19854,17,17,18
19878,16,17,18
19903,17,17,17
19929,16,16,17
19953,16,16,17
19979,17,16,16
20003,17,16,16
20029,19,17,17
20054,30,19,18
20078,46,25,21
20104,67,35,26
20128,81,48,32
20154,95,63,40
20178,107,79,49
20203,117,93,59
20229,119,103,69
20253,123,112,80
20279,133,119,91
20303,134,125,102
20329,122,126,109
20355,124,127,115
20379,117,126,119
20405,106,120,120
20429,96,113,119
20455,82,105,115
20480,67,93,110
20504,50,80,103
20530,36,66,93
20554,29,52,82
20580,25,41,73
20604,23,32,63
20629,21,26,53
20655,21,23,45
20679,20,22,37
20705,21,21,31
20729,19,20,26
20755,18,19,23
20781,18,19,21
20805,17,18,20
20831,17,17,19
20855,17,17,18
20881,17,17,18
20905,17,17,18
20930,17,17,17
20956,17,17,17
20980,17,17,17
21006,17,17,17
21030,20,17,17
21055,31,20,18
21081,52,27,22
21105,69,37,27
21131,78,50,33
21155,93,64,41
21181,108,80,50
21206,115,92,60
21230,121,103,70
21256,128,113,81
21280,132,120,92
21306,124,124,102
21330,121,125,108
21355,115,124,113
21381,117,121,117
21405,108,117,118
21431,93,110,117
21455,81,102,114
21481,66,93,108
21507,50,79,100
21531,35,65,91
