0,127,1
10,127,38
20,127,77
31,127,107
41,127,140
53,127,159
63,127,162
74,127,170
84,128,184
96,128,189
106,128,183
117,128,191
128,128,204
139,128,195
149,128,194
160,128,206
172,128,204
182,128,197
193,128,206
203,128,213
215,128,204
225,128,205
236,128,216
246,128,210
258,128,201
268,128,214
279,128,215
290,128,205
301,128,211
312,128,221
322,128,210
333,128,209
344,128,219
355,128,215
365,128,205
376,128,215
388,128,219
398,128,208
409,128,212
419,127,222
431,127,212
441,127,207
452,127,218
462,127,216
474,127,206
484,127,215
495,127,221
506,126,211
517,126,211
528,126,222
538,126,214
549,126,206
560,126,218
571,126,218
581,126,208
592,125,213
604,125,224
614,125,212
625,125,208
635,125,219
647,125,216
657,125,207
668,125,216
678,125,221
690,125,210
700,125,213
711,125,223
722,125,214
733,125,208
744,125,219
754,125,219
765,125,209
776,125,216
787,125,224
797,125,213
808,125,212
820,125,222
830,125,217
841,125,207
851,125,218
863,125,221
873,125,210
884,125,214
894,125,225
906,125,213
916,125,210
927,126,221
939,126,218
949,126,208
960,126,218
970,126,222
982,126,212
992,126,214
1003,127,224
1014,127,216
1025,127,213
1036,127,224
1046,127,219
1057,127,211
1068,127,224
1079,127,221
1090,128,210
1100,128,224
1112,128,226
1122,128,215
1133,128,222
1144,128,227
1155,128,216
1166,128,219
1176,128,229
1187,128,217
1199,128,218
1209,128,229
1220,128,218
1230,128,216
1242,128,226
1253,128,219
1263,128,213
1274,128,225
1285,128,220
1296,128,211
1307,128,223
1317,128,222
1329,128,211
1339,128,222
1350,128,223
1360,128,212
1372,128,220
1383,128,224
1393,128,213
1404,128,219
1415,128,226
1426,127,215
1437,127,217
1447,127,227
1459,127,215
1469,127,215
1480,127,226
1491,127,217
1502,126,213
1513,126,225
1523,126,219
1534,126,211
1546,126,223
1556,126,220
1567,126,210
1577,126,221
1589,125,221
1600,125,210
1610,125,219
1622,125,224
1632,125,212
1643,125,217
1654,125,225
1665,125,213
1676,125,215
1686,125,226
1697,125,217
1708,125,214
1719,125,224
1730,125,218
1740,125,212
1752,125,224
1762,125,220
1773,125,209
1784,125,222
1795,125,221
1806,125,211
1816,125,220
1827,125,223
1839,125,212
1849,125,219
1860,125,224
1870,125,213
1882,125,219
1893,125,227
1903,125,215
1914,125,217
1925,126,229
1936,126,217
1947,126,216
1957,126,227
1969,126,220
1979,126,215
1990,126,227
2001,127,221
2012,127,214
2023,127,225
2033,127,223
2044,127,212
2056,127,224
2066,127,225
2077,127,214
2087,128,223
2099,128,228
2110,128,218
2120,128,222
2131,128,231
2142,128,219
2153,128,220
2163,128,230
2174,128,220
2186,128,218
2196,128,229
2207,128,222
2217,128,215
2229,128,227
2240,128,223
2250,129,213
2262,128,225
2272,128,224
2283,128,213
2294,128,224
2305,128,226
2316,128,214
2326,128,222
2337,128,227
2349,128,215
2359,128,220
2370,128,228
2380,128,216
2392,128,219
2403,128,230
2413,128,218
2424,127,218
2435,127,228
2446,127,218
2457,127,215
2467,127,226
2479,127,220
2489,127,213
2500,127,225
2511,126,220
2522,126,210
2533,126,223
2543,126,221
2554,126,211
2566,126,221
2576,126,223
2587,125,213
2597,125,218
2609,125,224
2620,125,213
2630,125,216
2641,125,226
2652,125,214
2663,125,214
2673,125,225
2684,125,216
2696,125,212
2706,125,223
2717,125,219
2727,125,211
2739,125,224
2750,125,221
2760,125,211
2771,125,222
2782,125,222
2793,125,212
2804,125,220
2814,125,224
2826,125,213
2836,125,219
2847,125,225
2859,125,214
2869,125,217
2880,125,227
2890,125,215
2902,125,215
2913,125,227
2923,126,216
2934,126,215
2945,126,226
2956,126,219
2967,126,213
2977,126,225
2989,126,221
2999,126,212
3010,127,224
3021,127,222
3032,127,211
3043,127,223
3053,127,225
3064,127,214
3076,127,222
3086,128,227
3097,128,216
3107,128,221
3119,128,229
3130,128,217
3140,128,219
3151,128,230
3162,128,219
3173,128,218
3184,128,228
3194,128,220
3206,128,215
3216,128,227
3227,128,222
3237,128,214
3249,128,226
3260,128,224
3270,128,213
3281,128,224
3292,128,226
3303,128,215
3314,128,223
3324,128,227
3336,128,215
3346,128,222
3357,128,229
3368,128,216
3379,128,220
3390,128,230
3400,128,218
3411,128,219
3423,127,229
3433,127,220
3444,127,216
3454,127,227
3466,127,220
3477,127,214
3487,127,226
3499,127,221
3509,126,211
3520,126,224
3531,126,222
3542,126,212
3553,126,221
3563,126,224
3574,126,213
3586,125,219
3596,125,225
3607,125,214
3617,125,217
3629,125,227
3640,125,215
3650,125,214
3661,125,225
3672,125,216
3683,125,212
3693,125,224
3704,125,218
3716,125,211
3726,125,223
3737,125,220
3747,125,209
3759,125,221
3770,125,221
3780,125,211
3791,125,220
3802,125,223
3813,125,212
3824,125,219
3834,125,225
3846,125,213
3856,125,217
3867,125,227
3878,125,215
3889,125,216
3900,125,227
3910,125,216
3921,126,214
3933,126,226
3943,126,217
3954,126,212
3964,126,224
3976,126,220
3987,126,211
3997,126,224
4008,127,222
4019,127,211
4030,127,223
4041,127,224
4051,127,213
4063,127,220
4073,127,225
4084,128,215
4096,128,220
4106,128,229
4117,128,217
4127,128,218
4139,128,229
4150,128,218
4160,128,217
4171,128,228
4182,128,221
4193,128,215
4203,128,227
4214,128,223
4226,128,213
4236,128,225
4247,128,225
4257,128,214
4269,128,224
4280,128,226
4290,128,216
4301,128,222
4312,128,228
4323,128,216
4334,128,221
4344,128,229
4356,128,218
4366,128,221
4377,128,231
4388,128,219
4399,128,219
4410,128,229
4420,127,220
4431,127,216
4443,127,228
4453,127,222
4464,127,214
4474,127,226
4486,127,223
4497,127,212
4507,126,224
4518,126,224
4529,126,213
4540,126,222
4551,126,226
4561,126,214
4573,126,220
4583,126,227
4594,125,216
4605,125,218
4616,125,229
4627,125,216
4637,125,216
4648,125,228
4660,125,217
4670,125,215
4681,125,226
4691,125,219
4703,125,214
4714,125,225
4724,125,222
4736,125,211
4746,125,224
4757,125,223
4767,125,212
4779,125,222
4790,125,224
4800,125,214
4811,125,221
4822,125,226
4833,125,215
4844,125,220
4854,125,228
4866,125,216
4876,125,219
4887,125,230
4898,125,218
4909,125,217
4920,126,229
4930,126,221
4941,126,216
4953,126,229
4963,126,222
4974,126,215
4984,126,227
4996,126,223
5007,127,212
5017,127,226
5028,127,226
5039,127,216
5050,127,225
5061,127,228
5071,127,217
5083,127,223
5093,128,230
5104,128,219
5115,128,223
5126,128,233
5137,128,221
5147,128,222
5158,128,232
5170,128,222
5180,128,219
5191,128,231
5201,128,224
5213,128,218
5224,128,229
5234,128,226
5245,128,215
5256,128,229
5267,128,228
5278,128,216
5288,128,225
5300,128,228
5310,128,217
5321,128,224
5332,128,230
5343,128,218
5354,128,223
5364,128,231
5376,128,219
5387,128,222
5397,128,233
5408,128,222
5419,127,222
5430,127,231
5441,127,221
5451,127,219
5463,127,229
5473,127,223
5484,127,216
5495,127,228
5506,126,225
5517,126,214
5527,126,226
5538,126,226
5549,126,216
5560,126,225
5571,126,229
5581,126,217
5593,125,223
5603,125,230
5614,125,218
5625,125,220
5636,125,232
5647,125,220
5657,125,219
5668,125,230
5680,125,222
5690,125,218
5701,125,229
5711,125,223
5723,125,215
5734,125,228
5744,125,226
5755,125,216
5766,125,228
5777,125,228
5788,125,217
5798,125,227
5810,125,230
5820,125,218
5831,125,225
5842,125,232
5853,125,220
5864,125,224
5874,125,235
5885,125,222
5897,125,223
5907,125,235
5918,126,224
5928,126,224
5940,126,236
5951,126,228
5961,126,222
5972,126,234
5983,126,229
5994,126,221
6005,127,234
6016,127,230
6027,127,219
6037,127,232
6048,127,233
6060,127,222
6070,127,232
6081,127,236
6091,128,224
6103,128,231
6113,128,239
6124,128,226
6135,128,231
6146,128,243
6157,128,232
6167,128,232
6178,128,243
6190,128,234
6200,128,233
6211,128,244
6221,128,240
6233,128,230
6244,128,242
6254,128,241
6265,128,229
6276,128,241
6287,128,243
6298,128,230
6308,128,240
6320,128,244
6330,128,232
6341,128,240
6352,128,244
6363,128,232
6374,128,237
6384,128,246
6395,128,233
6407,128,237
6417,127,247
6428,127,233
6438,127,234
6450,127,243
6461,127,235
6471,127,232
6482,127,247
6493,127,240
6504,126,232
6515,126,245
6525,126,245
6537,126,234
6547,126,245
6558,126,247
6569,126,236
6580,126,246
6591,125,251
6601,125,239
6612,125,244
6624,125,249
6634,125,236
6645,125,242
6656,125,249
6667,125,237
6678,125,235
6688,125,249
6700,125,241
6710,125,240
6721,125,247
6731,125,242
6743,125,235
6754,125,245
6764,125,244
6775,125,234
6786,125,248
6797,125,249
6808,125,239
6818,125,251
6830,125,257
6840,125,244
6851,125,260
6862,125,262
6873,125,250
6884,125,252
6894,125,256
6905,125,237
6917,126,236
6927,126,246
6938,126,231
6948,126,230
6960,126,240
6971,126,233
6981,126,227
6992,126,239
7003,127,235
7014,127,226
7025,127,236
7035,127,235
7047,127,222
7057,127,233
7068,127,235
7079,127,223
7090,128,232
7101,128,238
7111,128,227
7122,128,232
7134,128,240
7144,128,228
7155,128,230
7165,128,240
7177,128,229
7188,128,228
7198,128,239
7209,128,230
7220,128,228
7231,128,239
7242,128,234
7252,128,224
7264,128,236
7274,128,233
7285,128,223
7297,128,234
7307,128,235
7318,128,224
7328,128,234
7340,128,236
7351,128,224
7361,128,230
7372,128,236
7383,128,224
7394,128,231
7405,128,238
7415,128,226
7427,127,228
7437,127,238
7448,127,225
7459,127,225
7470,127,237
7481,127,226
7491,127,224
7502,126,236
7514,126,227
7524,126,221
7535,126,233
7545,126,227
7557,126,216
7568,126,228
7578,126,225
7589,125,215
7600,125,224
7611,125,226
7621,125,216
7632,125,223
7644,125,229
7654,125,218
7665,125,221
7675,125,230
7687,125,218
7698,125,220
7708,125,231
7719,125,222
7730,125,220
7741,125,231
7752,125,224
7762,125,217
7774,125,228
7784,125,222
7795,125,215
7806,125,226
7817,125,223
7828,125,211
7838,125,224
7849,125,223
7861,125,212
7871,125,222
7882,125,224
7892,125,213
7904,125,219
7915,125,225
7925,126,214
7937,126,220
7947,126,227
7958,126,216
7969,126,218
7980,126,229
7991,126,217
8001,127,216
8012,127,227
8024,127,219
8034,127,215
8045,127,226
8055,127,220
8067,127,213
8078,127,225
8088,128,223
8099,128,212
8110,128,224
8121,128,225
8132,128,214
8142,128,223
8154,128,228
8164,128,217
8175,128,222
8186,128,230
8197,128,218
8208,128,219
8218,128,229
8229,128,219
8240,128,217
8251,128,228
8262,128,221
8272,128,216
8284,128,228
8294,128,223
8305,128,215
8316,128,227
8327,128,224
8338,128,214
8348,128,226
8359,128,225
8371,128,215
8381,128,224
8392,128,228
8402,128,216
8414,128,226
8425,127,231
8435,127,220
8446,127,223
8457,127,234
8468,127,222
8479,127,222
8489,127,233
8501,126,223
8511,126,221
8522,126,231
8534,126,224
8544,126,218
8555,126,230
8565,126,225
8577,126,215
8588,125,230
8598,125,230
8609,125,218
8620,125,230
8631,125,233
8642,125,224
8652,125,237
8664,125,243
8674,125,229
8685,125,237
8696,125,245
8707,125,232
8718,125,236
8728,125,247
8739,125,168
8751,125,166
8761,125,175
8772,125,168
8782,125,164
8794,125,174
8805,125,167
8815,125,162
8826,125,172
8837,125,168
8848,125,161
8859,125,171
8869,125,170
8881,125,161
8891,125,171
8902,125,173
8913,125,163
8924,126,170
8935,126,175
8945,126,164
8956,126,170
8968,126,174
8978,126,165
8989,126,166
8999,126,175
9011,127,165
9022,127,166
9032,127,176
9043,127,167
9054,127,165
9065,127,174
9076,127,167
9086,128,163
9098,128,173
9108,128,171
9119,128,162
9131,128,172
9141,128,171
9152,128,161
9162,128,170
9174,128,172
9184,128,163
9195,128,169
9206,128,173
9217,128,164
9228,128,166
9238,128,175
9249,128,165
9261,128,165
9271,128,175
9282,128,166
9292,128,165
9304,128,174
9315,128,167
9325,128,164
9336,128,173
9347,128,168
9358,128,162
9369,128,172
9379,128,170
9391,128,161
9401,128,171
9412,128,171
9423,127,162
9434,127,169
9445,127,171
9455,127,162
9466,127,167
9478,127,172
9488,127,163
9499,127,167
9509,126,173
9521,126,164
9532,126,166
9542,126,175
9553,126,164
9564,126,164
9575,126,172
9586,125,166
9596,125,161
9608,125,171
9618,125,166
9629,125,160
9640,125,169
9651,125,167
9662,125,158
9672,125,168
9683,125,168
9695,125,159
9705,125,167
9716,125,170
9726,125,161
9738,125,166
9749,125,171
9759,125,161
9771,125,164
9781,125,173
9792,125,162
9803,125,163
9814,125,171
9825,125,164
9835,125,162
9846,125,171
9858,125,164
9868,125,160
9879,125,170
9889,125,166
9901,125,160
9912,125,169
9922,126,167
9933,126,159
9944,126,169
9955,126,169
9966,126,160
9976,126,169
9988,126,171
9998,126,160
10009,127,166
10020,127,170
10031,127,161
10042,127,168
10053,127,170
10063,127,161
10075,127,168
10085,128,170
10096,128,160
10107,128,168
10118,128,170
10129,128,160
10140,128,169
10150,128,169
10162,128,159
10173,128,170
10183,128,168
10194,128,160
10205,128,171
10216,128,168
10227,128,161
10237,128,172
10249,128,167
10260,128,162
10270,128,172
10281,128,166
10293,128,163
10303,128,173
10314,128,165
10326,128,164
10336,128,174
10347,128,164
10357,128,165
10369,128,175
10380,128,164
10390,128,166
10401,128,173
10413,128,162
10423,127,166
10434,127,172
10445,127,161
10456,127,166
10467,127,171
10478,127,161
10488,127,167
10500,127,170
10510,126,160
10521,126,167
10532,126,168
10543,126,159
10554,126,168
10565,126,167
10575,126,158
10587,125,168
10598,125,167
10608,125,158
10619,125,168
10630,125,166
10641,125,157
10652,125,168
10662,125,165
10674,125,158
10685,125,169
10695,125,165
10706,125,159
10718,125,169
10728,125,164
10739,125,160
10749,125,169
10761,125,163
10772,125,160
10782,125,170
10793,125,162
10805,125,161
10815,125,172
10826,125,162
10838,125,162
10848,125,172
10859,125,162
10870,125,163
10881,125,172
10892,125,161
10902,125,165
10913,125,170
10925,126,160
10935,126,166
10946,126,170
10957,126,160
10968,126,166
10979,126,169
10990,126,160
11000,126,167
11012,127,169
11023,127,159
11033,127,168
11044,127,169
11055,127,160
11066,127,169
11077,127,168
11087,128,158
11099,128,170
11110,128,168
11120,128,160
11131,128,171
11143,128,168
11153,128,161
11164,128,172
11174,128,168
11186,128,163
11197,128,173
11207,128,167
11218,128,163
11230,128,174
11240,128,167
11251,128,165
11262,128,174
11273,128,166
11284,128,165
11294,128,174
11305,128,166
11317,128,165
11327,128,176
11338,128,165
11350,128,167
11360,128,175
11371,128,165
11382,128,168
11393,128,174
11404,128,164
11415,128,169
11425,127,174
11437,127,164
11447,127,169
11458,127,172
11469,127,162
11480,127,169
11491,127,171
11502,126,161
11512,126,170
11524,126,170
11535,126,160
11545,126,170
11556,126,169
11568,126,159
11578,126,170
11589,125,168
11599,125,160
11611,125,170
11622,125,168
11632,125,161
11643,125,172
11655,125,168
11665,125,163
11676,125,173
11687,125,167
11698,125,164
11709,125,174
11719,125,168
11730,125,166
11742,125,178
11752,125,171
11763,125,169
11774,125,180
11785,125,172
11796,125,174
11807,125,185
11817,125,174
11829,125,179
11840,125,189
11850,125,176
11862,125,180
11872,125,184
11883,125,174
11894,125,175
11905,125,178
11916,125,170
11927,126,175
11937,126,179
11949,126,166
11960,126,172
11970,126,174
11981,126,165
11992,126,174
12003,127,173
12014,127,161
12024,127,172
12036,127,172
12047,127,161
12057,127,172
12068,127,170
12080,127,161
12090,128,172
12101,128,169
12112,128,162
12123,128,172
12134,128,169
12144,128,164
12155,128,173
12167,128,167
12177,128,163
12188,128,173
12199,128,167
12210,128,163
12221,128,174
12232,128,167
12242,128,165
12254,128,175
12264,128,167
12275,128,166
12286,128,176
12297,128,166
12308,128,168
12319,128,177
12329,128,167
12341,128,170
12352,128,177
12362,128,166
12374,128,171
12385,128,176
12395,128,166
12406,128,171
12417,127,175
12428,127,164
12439,127,171
12449,127,173
12461,127,163
12472,127,173
12482,127,174
12493,127,162
12505,126,174
12515,126,171
12526,126,162
12537,126,174
12548,126,172
12559,126,162
12569,126,173
12580,126,168
12592,125,160
12602,125,170
12613,125,164
12624,125,159
12635,125,168
12646,125,163
12657,125,159
12667,125,168
12679,125,162
12689,125,159
12700,125,169
12711,125,162
12722,125,160
12733,125,169
12744,125,161
12754,125,160
12766,125,170
12777,125,159
12787,125,160
12798,125,169
12809,125,158
12820,125,161
12831,125,168
12841,125,157
12853,125,161
12864,125,166
12874,125,156
12886,125,162
12897,125,165
12907,125,155
12918,126,162
12930,126,164
12940,126,155
12951,126,164
12961,126,163
12973,126,154
12984,126,164
12994,126,162
13005,127,154
13017,127,165
13027,127,163
13038,127,155
13049,127,165
13060,127,162
13071,127,155
13082,127,166
13092,128,161
13104,128,157
13114,128,166
13125,128,161
13136,128,157
13147,128,167
13158,128,161
13169,128,158
13179,128,167
13191,128,160
13202,128,159
13212,128,168
13223,128,160
13234,128,159
13245,128,168
13256,128,158
13266,128,160
13278,128,169
13289,128,158
13299,128,161
13310,128,168
13322,128,157
13332,128,161
13343,128,166
13355,128,156
13365,128,162
13376,128,165
13386,128,156
13398,128,163
13409,128,164
13419,127,154
13430,127,163
13442,127,163
13452,127,153
13463,127,163
13474,127,162
13485,127,152
13496,127,164
13506,126,161
13517,126,154
13529,126,164
13539,126,159
13550,126,154
13561,126,164
13572,126,159
13583,126,155
13594,125,165
13604,125,159
13616,125,155
13626,125,165
13637,125,158
13648,125,155
13659,125,164
13670,125,157
13681,125,156
13691,125,166
13703,125,157
13714,125,157
13724,125,167
13735,125,156
13747,125,157
13757,125,166
13768,125,156
13778,125,158
13790,125,165
13801,125,155
13811,125,159
13822,125,163
13834,125,154
13844,125,160
13855,125,162
13867,125,153
13877,125,161
13888,125,162
13899,125,152
13910,125,162
13921,126,161
13931,126,151
13942,126,163
13954,126,161
13964,126,153
13975,126,164
13986,126,160
13997,126,155
14008,127,165
14019,127,160
14029,127,156
14041,127,166
14052,127,160
14062,127,157
14073,127,166
14084,128,160
14095,128,158
14106,128,167
14116,128,160
14128,128,159
14139,128,169
14149,128,159
14160,128,160
14172,128,169
14182,128,158
14193,128,160
14203,128,168
14215,128,158
14226,128,161
14236,128,167
14247,128,157
14259,128,161
14269,128,166
14280,128,156
14291,128,163
14302,128,165
14313,128,156
14324,128,164
14334,128,164
14346,128,154
14356,128,164
14367,128,163
14379,128,154
14389,128,165
14400,128,162
14411,128,156
14422,127,166
14433,127,161
14444,127,156
14454,127,166
14466,127,160
14477,127,157
14487,127,166
14498,127,160
14509,126,158
14520,126,166
14531,126,158
14541,126,157
14553,126,167
14564,126,158
14574,126,158
14585,125,168
14597,125,157
14607,125,159
14618,125,166
14629,125,156
14640,125,159
14651,125,165
14661,125,156
14672,125,160
14684,125,164
14694,125,155
14705,125,161
14716,125,163
14727,125,154
14738,125,161
14749,125,163
14759,125,154
14771,125,161
14781,125,162
14792,125,152
14803,125,162
14814,125,161
14825,125,152
14836,125,163
14846,125,160
14858,125,153
14869,125,164
14879,125,159
14891,125,154
14902,125,165
14912,125,159
14923,126,155
14935,126,166
14945,126,159
14956,126,157
14966,126,167
14978,126,158
14989,126,158
14999,126,168
15010,127,157
15022,127,160
15032,127,167
15043,127,157
15054,127,160
15065,127,167
15076,127,157
15086,128,161
15097,128,167
15109,128,157
15119,128,162
15130,128,166
15141,128,156
15152,128,162
15163,128,165
15174,128,155
15184,128,163
15196,128,164
15207,128,154
15217,128,163
15228,128,163
15239,128,153
15250,129,164
15261,128,163
15271,128,155
15283,128,165
15294,128,161
15304,128,156
15315,128,166
15327,128,160
15337,128,157
15348,128,167
15360,128,159
15370,128,158
15381,128,167
15391,128,159
15403,128,159
15414,128,169
15424,127,158
15435,127,159
15447,127,167
15457,127,157
15468,127,160
15479,127,166
15490,127,156
15501,126,160
15512,126,164
15522,126,155
15534,126,160
15544,126,164
15555,126,154
15566,126,161
15577,126,163
15588,125,154
15599,125,161
15609,125,162
15621,125,152
15632,125,161
15642,125,161
15653,125,152
15664,125,162
15675,125,160
15686,125,151
15696,125,162
15708,125,160
15719,125,153
15729,125,163
15740,125,160
15752,125,153
15762,125,164
15773,125,158
15784,125,155
15795,125,164
15806,125,158
15816,125,156
15827,125,165
15839,125,157
15849,125,156
15860,125,167
15872,125,156
15882,125,158
15893,125,165
15904,125,155
15915,125,159
15926,126,165
15937,126,155
15947,126,160
15959,126,164
15970,126,155
15980,126,161
15991,126,163
16002,127,154
16013,127,162
16024,127,163
16034,127,155
16046,127,164
16057,127,163
16067,127,154
16078,127,163
16090,128,164
16100,128,155
16111,128,165
16121,128,164
16133,128,155
16144,128,165
16154,128,163
16165,128,156
16177,128,167
16187,128,163
16198,128,157
16209,128,167
16220,128,163
16231,128,158
16241,128,168
16252,128,162
16264,128,159
16274,128,168
16285,128,161
16296,128,159
16307,128,168
16318,128,160
16329,128,160
16339,128,170
16351,128,159
16362,128,161
16372,128,169
16384,128,159
16394,128,162
16405,128,168
16416,128,159
16427,127,163
16438,127,167
16449,127,156
16459,127,162
16471,127,166
16482,127,156
16492,127,163
16503,126,164
16515,126,155
16525,126,163
16536,126,163
16546,126,154
16558,126,163
16569,126,162
16579,126,152
16590,125,163
16602,125,161
16612,125,152
16623,125,162
16633,125,160
16645,125,152
16656,125,163
16666,125,159
16677,125,153
16689,125,163
16699,125,158
16710,125,154
16721,125,164
16732,125,158
16743,125,155
16754,125,164
16764,125,157
16776,125,156
16786,125,165
16797,125,156
16808,125,156
16819,125,165
16830,125,155
16841,125,157
16851,125,164
16863,125,155
16874,125,158
16884,125,163
16896,125,154
16907,125,159
16917,126,163
16928,126,154
16939,126,160
16950,126,162
16961,126,154
16971,126,161
16983,126,162
16994,126,152
17004,127,162
17015,127,162
17027,127,152
17037,127,163
17048,127,162
17059,127,153
17070,127,163
17081,127,161
17091,128,154
17102,128,164
17114,128,161
17124,128,155
17135,128,165
17146,128,160
17157,128,156
17168,128,166
17179,128,160
17189,128,157
17201,128,166
17211,128,159
17222,128,158
17233,128,167
17244,128,158
17255,128,159
17266,128,168
17276,128,158
17288,128,160
17299,128,167
17309,128,157
17320,128,161
17332,128,166
17342,128,157
17353,128,162
17364,128,165
17375,128,156
17386,128,162
17396,128,164
17408,128,154
17419,127,163
17429,127,163
17440,127,153
17452,127,164
17462,127,162
17473,127,153
17484,127,164
17495,127,161
17506,126,154
17517,126,165
17527,126,160
17539,126,155
17549,126,164
17560,126,160
17571,126,156
17582,126,165
17593,125,159
17604,125,156
17614,125,165
17626,125,157
17637,125,156
17647,125,165
17658,125,157
17669,125,157
17680,125,166
17691,125,156
17701,125,157
17713,125,166
17724,125,156
17734,125,157
17745,125,165
17757,125,155
17767,125,159
17778,125,164
17789,125,154
17800,125,160
17811,125,163
17821,125,153
17832,125,161
17844,125,162
17854,125,153
17865,125,162
17876,125,161
17887,125,152
17898,125,163
17909,125,161
17920,126,153
17931,126,164
17942,126,161
17952,126,155
17964,126,165
17974,126,161
17985,126,156
17996,126,167
18007,127,160
18018,127,158
18029,127,168
18039,127,160
18051,127,159
18062,127,168
18072,127,160
18083,127,160
18094,128,170
18105,128,161
18116,128,162
18126,128,171
18138,128,162
18149,128,164
18159,128,172
18170,128,164
18182,128,168
18192,128,175
18203,128,169
18214,128,175
18225,128,179
18236,128,170
18246,128,175
18257,128,176
18269,128,166
18279,128,173
18290,128,174
18301,128,163
18312,128,174
18323,128,172
18334,128,163
18344,128,173
18356,128,171
18367,128,163
18377,128,174
18388,128,170
18399,128,165
18410,128,175
18421,127,169
18432,127,165
18443,127,176
18454,127,167
18464,127,166
18476,127,175
18487,127,166
18497,127,167
18508,126,177
18520,126,165
18530,126,166
18541,126,174
18552,126,163
18563,126,167
18574,126,174
18584,125,163
18595,125,167
18607,125,172
18617,125,162
18628,125,167
18639,125,171
18650,125,161
18661,125,168
18672,125,170
18682,125,161
18694,125,168
18704,125,170
18715,125,160
18726,125,169
18737,125,169
18748,125,160
18759,125,169
18769,125,168
18781,125,159
18792,125,170
18802,125,167
18813,125,160
18825,125,172
18835,125,166
18846,125,162
18856,125,172
18868,125,165
18879,125,163
18889,125,173
18900,125,164
18912,125,164
18922,126,175
18933,126,164
18945,126,166
18955,126,174
18966,126,164
18977,126,166
18988,126,173
18999,126,163
19009,127,168
19020,127,172
19032,127,163
19042,127,169
19053,127,172
19064,127,162
19075,127,169
19086,128,172
19097,128,162
19107,128,171
19119,128,172
19130,128,162
19140,128,171
19151,128,171
19162,128,161
19173,128,172
19184,128,170
19194,128,162
19206,128,173
19217,128,169
19227,128,163
19238,128,173
19250,129,169
19260,128,164
19271,128,174
19281,128,168
19293,128,165
19304,128,174
19314,128,168
19325,128,166
19337,128,175
19347,128,166
19358,128,167
19369,128,177
19380,128,166
19391,128,167
19402,128,175
19412,128,165
19424,127,169
19434,127,175
19445,127,164
19457,127,170
19467,127,174
19478,127,164
19489,127,171
19500,126,173
19511,126,164
19522,126,172
19532,126,173
19544,126,163
19555,126,173
19565,126,173
19576,126,163
19587,125,174
19598,125,172
19609,125,166
19619,125,179
19631,125,178
19642,125,173
19652,125,185
19663,125,182
19675,125,175
19685,125,185
19696,125,182
19707,125,183
19718,125,187
19729,125,178
19739,125,171
19750,125,181
19762,125,169
19772,125,167
19783,125,176
19794,125,165
19805,125,166
19816,125,174
19827,125,163
19837,125,166
19849,125,172
19860,125,162
19870,125,166
19881,125,170
19892,125,161
19903,125,167
19914,125,169
19924,126,159
19936,126,167
19947,126,168
19957,126,158
19969,126,168
19980,126,167
19990,126,158
20001,127,169
20013,127,167
20023,127,159
20034,127,170
20044,127,166
20056,127,160
20067,127,170
20077,127,165
20088,128,160
20100,128,171
20110,128,165
20121,128,162
20132,128,171
20143,128,164
20154,128,163
20165,128,172
20175,128,164
20187,128,164
20197,128,173
20208,128,163
20219,128,165
20230,128,174
20241,128,163
20252,128,166
20262,128,173
20274,128,162
20285,128,167
20295,128,172
20306,128,163
20318,128,169
20328,128,172
20339,128,162
20349,128,170
20361,128,170
20372,128,160
20382,128,171
20393,128,176
20405,128,164
20415,128,171
20426,127,169
20438,127,170
20448,127,178
20459,127,173
20470,127,168
20481,127,178
20492,127,172
20502,126,169
20513,126,178
20525,126,171
20535,126,169
20546,126,178
20557,126,170
20568,126,169
20579,126,178
20590,125,169
20600,125,168
20612,125,178
20622,125,167
20633,125,168
20644,125,178
20655,125,167
20666,125,169
20677,125,176
20687,125,166
20699,125,169
20710,125,176
20720,125,165
20731,125,169
20743,125,175
20753,125,165
20764,125,170
20774,125,174
20786,125,164
20797,125,172
20807,125,173
20818,125,163
20830,125,172
20840,125,171
20851,125,161
20862,125,173
20873,125,170
20884,125,163
20895,125,174
20905,125,170
20917,126,164
20927,126,175
20938,126,171
20950,126,166
20960,126,176
20971,126,170
20982,126,167
20993,126,177
21004,127,169
21015,127,169
21025,127,179
21037,127,169
21048,127,169
21058,127,180
21069,127,169
21080,127,170
21091,128,179
21102,128,169
21112,128,172
21124,128,179
21135,128,169
21145,128,170
21156,128,176
21168,128,165
21178,128,170
21189,128,175
21199,128,165
21211,128,171
21222,128,174
21232,128,164
21243,128,172
21255,128,174
21265,128,164
21276,128,172
21287,128,173
21298,128,163
21309,128,173
21320,128,172
21330,128,163
21342,128,174
21352,128,171
21363,128,164
21374,128,175
21385,128,170
21396,128,166
21407,128,176
21417,127,169
21429,127,166
21440,127,176
21450,127,168
21462,127,167
21473,127,177
21483,127,167
21494,127,167
21505,126,177
21516,126,166
21527,126,167
21537,126,176
21549,126,166
21560,126,168
21570,126,175
21581,126,165
21593,125,168
21603,125,174
21614,125,164
21624,125,169
21636,125,173
21647,125,164
21657,125,170
21668,125,172
21680,125,162
21690,125,170
21701,125,171
21712,125,162
21723,125,170
21734,125,171
21745,125,161
21755,125,171
21767,125,170
21777,125,161
21788,125,172
21799,125,169
21810,125,162
21821,125,172
21832,125,168
21842,125,163
21854,125,174
21865,125,169
21875,125,165
21886,125,175
21898,125,169
21908,125,166
21919,126,175
21929,126,169
21941,126,169
21952,126,180
21962,126,168
21974,126,170
21985,126,178
21995,126,168
22006,127,171
22018,127,179
22028,127,169
22039,127,173
22050,127,179
22061,127,168
22072,127,174
22082,127,177
22093,128,166
22105,128,172
22115,128,174
22126,128,166
22137,128,174
22148,128,175
22159,128,166
22170,128,176
22180,128,175
22192,128,165
22202,128,175
22213,128,174
22224,128,164
22235,128,175
22246,128,173
22257,128,165
22267,128,176
22279,128,173
22290,128,167
22300,128,175
22311,128,169
22323,128,165
22333,128,173
22344,128,166
22354,128,164
22366,128,176
22377,128,165
22387,128,166
22398,128,176
22410,128,165
22420,127,168
22431,127,177
22443,127,165
22453,127,169
22464,127,176
22475,127,166
22486,127,171
22497,127,176
22507,126,166
22518,126,171
22530,126,174
22540,126,164
22551,126,172
22562,126,173
22573,126,164
22584,125,172
22595,125,172
22605,125,162
22617,125,172
22627,125,171
22638,125,161
22649,125,172
22660,125,170
22671,125,162
22682,125,173
22692,125,169
22704,125,163
22715,125,173
22725,125,169
22736,125,165
22748,125,176
22758,125,169
22769,125,166
22779,125,177
22791,125,168
22802,125,163
22812,125,173
22823,125,162
22835,125,162
22845,125,173
22856,125,162
22867,125,165
22878,125,172
22889,125,162
22900,125,167
22910,125,172
22922,126,162
22932,126,168
22943,126,172
22955,126,162
22965,126,169
22976,126,171
22987,126,161
22998,126,169
23009,127,170
23020,127,160
23030,127,170
23042,127,169
23053,127,160
23063,127,171
23074,127,169
23085,128,161
23096,128,171
23107,128,169
23117,128,162
23129,128,172
23140,128,168
23150,128,163
23161,128,173
23173,128,168
23183,128,164
23194,128,174
23204,128,167
23216,128,165
23227,128,174
23237,128,166
23248,128,165
23260,128,175
23270,128,166
23281,128,166
23292,128,176
23303,128,165
23314,128,167
23325,128,174
23335,128,164
23347,128,167
23357,128,173
23368,128,164
23379,128,168
23390,128,173
23401,128,163
23412,128,169
23422,127,171
23434,127,161
23445,127,169
23455,127,170
23467,127,160
23478,127,170
23488,127,169
23499,127,159
23510,126,170
23521,126,168
23532,126,160
23542,126,171
23554,126,167
23565,126,161
23575,126,171
23586,125,166
23598,125,161
23608,125,171
23619,125,165
23630,125,162
23641,125,171
23652,125,164
23662,125,162
23673,125,172
23685,125,163
23695,125,163
23706,125,173
23717,125,163
23728,125,164
23739,125,174
23750,125,162
23760,125,165
23772,125,172
23783,125,162
23793,125,166
23804,125,171
23815,125,161
23826,125,167
23837,125,169
23847,125,160
23859,125,168
23870,125,168
23880,125,159
23891,125,168
23903,125,167
23913,125,158
23924,126,170
23936,126,167
23946,126,160
23957,126,171
23967,126,167
23979,126,162
23990,126,172
24000,127,167
24011,127,163
24023,127,173
24033,127,167
24044,127,164
24055,127,174
24066,127,167
24077,127,165
24087,128,175
24098,128,168
24110,128,166
24120,128,177
24131,128,167
24142,128,167
24153,128,177
24164,128,166
24175,128,168
24185,128,176
24197,128,166
24208,128,169
24218,128,176
24229,128,165
24240,128,170
24251,128,174
24262,128,164
24272,128,170
24284,128,173
24295,128,164
24305,128,171
24316,128,172
24328,128,162
24338,128,172
24349,128,171
24360,128,161
24371,128,172
24382,128,170
24392,128,162
24403,128,173
24415,128,169
24425,127,163
24436,127,173
24448,127,168
24458,127,163
24469,127,173
24480,127,167
24491,127,164
24502,126,174
24513,126,166
24523,126,164
24535,126,174
24545,126,165
24556,126,165
24567,126,175
24578,126,165
24589,125,166
24600,125,174
24610,125,163
24622,125,165
24633,125,172
24643,125,162
24654,125,164
24665,125,170
24676,125,160
24687,125,166
24697,125,170
24709,125,161
24720,125,166
24730,125,170
24741,125,161
24753,125,167
24763,125,170
24774,125,161
24785,125,168
24796,125,168
24807,125,159
24817,125,169
24828,125,168
24840,125,159
24850,125,170
24861,125,166
24872,125,160
24883,125,171
24894,125,166
24905,125,162
24915,125,171
24927,126,165
24938,126,163
24948,126,173
24960,126,165
24970,126,164
24981,126,174
24992,126,165
25003,127,165
25014,127,176
25025,127,165
25035,127,167
25047,127,176
25058,127,165
25068,127,168
25079,127,175
25091,128,165
25101,128,169
25112,128,175
25122,128,165
25134,128,169
25145,128,169
25155,128,160
25166,128,168
25178,128,170
25188,128,161
25199,128,168
25210,128,169
25221,128,160
25232,128,172
25242,128,169
25253,128,159
25265,128,170
25275,128,168
25286,128,161
25297,128,171
25308,128,167
25319,128,162
25330,128,172
25340,128,167
25352,128,163
25363,128,173
25373,128,165
25384,128,164
25396,128,174
25406,128,165
25417,127,165
25427,127,174
25439,127,163
25450,127,166
25460,127,173
25472,127,163
25483,127,166
25493,127,173
25504,126,163
25516,126,167
25526,126,171
25537,126,161
25547,126,166
25559,126,170
25570,126,160
25580,126,167
25591,125,169
25603,125,159
25613,125,167
25624,125,168
25635,125,158
25646,125,167
25657,125,167
25668,125,157
25678,125,168
25690,125,167
25700,125,157
25711,125,168
25722,125,166
25733,125,159
25744,125,169
25755,125,165
25765,125,159
25777,125,170
25788,125,165
25798,125,161
25809,125,170
25820,125,163
25831,125,160
25842,125,170
25852,125,163
25864,125,162
25875,125,172
25885,125,162
25896,125,162
25908,125,171
25918,126,161
25929,126,163
25940,126,171
25951,126,161
25962,126,164
25972,126,171
25984,126,161
25995,126,165
26005,127,170
26016,127,160
26028,127,166
26038,127,170
26049,127,160
26060,127,166
26071,127,170
26082,127,160
26092,128,167
26103,128,170
26115,128,160
26125,128,168
26136,128,169
26147,128,159
26158,128,169
26169,128,168
26180,128,159
26190,128,170
26202,128,168
26212,128,160
26223,128,171
26234,128,168
26245,128,161
26256,128,173
26267,128,168
26277,128,163
26289,128,172
26300,128,166
26310,128,163
26321,128,172
26333,128,165
26343,128,163
26354,128,172
26364,128,164
26376,128,164
26387,128,174
26397,128,163
26408,128,165
26420,127,172
26430,127,161
26441,127,165
26452,127,171
26463,127,161
26474,127,165
26485,127,170
26496,127,160
26507,126,166
26517,126,169
26528,126,159
26540,126,166
26550,126,168
26561,126,158
26572,126,166
26583,126,167
26594,125,159
26605,125,167
26615,125,167
26627,125,158
26637,125,168
26648,125,168
26659,125,158
26670,125,169
26681,125,167
26692,125,160
26702,125,170
26714,125,166
26725,125,160
26735,125,171
26746,125,166
26757,125,162
26768,125,172
26779,125,165
26789,125,162
26801,125,173
26812,125,165
26822,125,164
26833,125,175
26845,125,164
26855,125,165
26866,125,174
26877,125,163
26888,125,166
26899,125,174
26910,125,164
26920,126,167
26932,126,173
26942,126,164
26953,126,169
26964,126,173
26975,126,163
26986,126,170
26997,126,172
27008,127,162
27019,127,171
27030,127,172
27040,127,162
27052,127,172
27062,127,172
27073,127,162
27084,128,173
27095,128,171
27106,128,163
27117,128,174
27127,128,171
27139,128,164
27150,128,175
27160,128,171
27171,128,165
27183,128,175
27193,128,170
27204,128,166
27214,128,175
27226,128,169
27237,128,167
27247,128,176
27258,128,169
27270,128,167
27280,128,177
27291,128,168
27302,128,168
27313,128,178
27324,128,168
27335,128,170
27345,128,177
27357,128,167
27367,128,170
27378,128,176
27389,128,166
27400,128,171
27411,128,175
27422,127,165
27432,127,171
27444,127,174
27455,127,164
27465,127,172
27476,127,173
27487,127,164
27498,127,173
27509,126,172
27520,126,162
27531,126,172
27542,126,171
27552,126,163
27564,126,174
27575,126,170
27585,125,163
27596,125,173
27608,125,169
27618,125,163
27629,125,174
27639,125,168
27651,125,164
27662,125,174
27672,125,167
27683,125,165
27695,125,175
27705,125,167
27716,125,165
27727,125,175
27738,125,166
27749,125,166
27759,125,176
27770,125,166
27782,125,167
27792,125,175
27803,125,165
27814,125,168
27825,125,174
27836,125,164
27847,125,169
27857,125,173
27869,125,163
27880,125,171
27890,125,172
27901,125,162
27913,125,171
27923,126,171
27934,126,162
27944,126,172
27956,126,171
27967,126,163
27977,126,174
27988,126,170
28000,126,164
28010,127,175
28021,127,170
28033,127,166
28043,127,176
28054,127,171
28065,127,167
28076,127,177
28087,128,171
28097,128,168
28108,128,178
28120,128,171
28130,128,170
28141,128,179
28152,128,170
28163,128,170
28174,128,180
28185,128,170
28195,128,171
28207,128,180
28217,128,169
28228,128,172
28239,128,179
28250,129,168
28261,128,173
28272,128,179
28282,128,170
28294,128,175
28305,128,179
28315,128,169
28326,128,176
28338,128,178
28348,128,168
28359,128,176
28369,128,177
28381,128,167
28392,128,178
28402,128,176
28413,128,168
28425,127,180
28435,127,176
28446,127,169
28457,127,182
28468,127,177
28479,127,172
28490,127,182
28500,126,175
28512,126,171
28522,126,181
28533,126,173
28545,126,171
28555,126,182
28566,126,173
28577,126,172
28588,125,182
28599,125,172
28610,125,172
28620,125,183
28632,125,171
28642,125,173
28653,125,181
28664,125,170
28675,125,173
28686,125,180
28697,125,170
28707,125,174
28719,125,179
28730,125,169
28740,125,175
28751,125,178
28763,125,168
28773,125,175
28784,125,177
28794,125,167
28806,125,176
28817,125,175
28827,125,166
28838,125,177
28850,125,175
28860,125,166
28871,125,178
28882,125,174
28893,125,167
28904,125,177
28915,125,172
28925,126,167
28937,126,178
28947,126,171
28958,126,168
28969,126,179
28980,126,171
28991,126,170
29002,127,181
29012,127,170
29024,127,171
29035,127,181
29045,127,170
29057,127,172
29068,127,180
29078,127,170
29089,128,173
29100,128,180
29111,128,170
29122,128,175
29132,128,180
29144,128,169
29155,128,176
29165,128,179
29176,128,169
29188,128,175
29198,128,178
29209,128,168
29219,128,175
29231,128,178
29242,128,168
29252,128,177
29263,128,177
29275,128,166
29285,128,178
29296,128,176
29307,128,169
29318,128,179
29329,128,175
29340,128,169
29350,128,180
29362,128,174
29373,128,170
29383,128,181
29394,128,173
29405,128,171
29416,128,181
29427,127,173
29437,127,172
29449,127,182
29460,127,171
29470,127,172
29481,127,182
29493,127,170
29503,126,173
29514,126,180
29526,126,169
29536,126,172
29547,126,179
29557,126,168
29569,126,173
29580,126,178
29590,125,168
29601,125,174
29613,125,178
29623,125,168
29634,125,176
29645,125,178
29656,125,168
29667,125,175
29677,125,178
29688,125,166
29700,125,178
29710,125,178
29721,125,165
29732,125,180
29743,125,177
29754,125,167
29765,125,180
29775,125,174
29787,125,167
29797,125,178
29808,125,173
29819,125,168
29830,125,179
29841,125,171
29852,125,170
29862,125,180
29874,125,170
29885,125,170
29895,125,181
29906,125,170
29918,126,171
29928,126,181
29939,126,170
29950,126,172
29961,126,180
29972,126,169
29982,126,173
29993,126,179
30005,127,168
30015,127,175
30026,127,179
30038,127,169
30048,127,176
30059,127,179
30070,127,169
30081,127,176
30092,128,179
30102,128,169
30113,128,178
30125,128,179
30135,128,169
30146,128,179
30157,128,179
30168,128,170
30179,128,181
30190,128,179
30200,128,170
30212,128,181
30222,128,178
30233,128,172
30244,128,184
30255,128,181
30266,128,178
30277,128,192
30287,128,192
30299,128,194
30310,128,203
30320,128,197
30331,128,194
30343,128,199
30353,128,187
30364,128,189
30375,128,196
30386,128,186
30397,128,189
30407,128,194
30418,127,183
30430,127,188
30440,127,194
30451,127,186
30462,127,193
30473,127,193
30484,127,181
30495,127,193
30505,126,194
30517,126,181
30528,126,192
30538,126,195
30550,126,186
30560,126,191
30571,126,190
30582,126,169
30593,125,180
30604,125,175
30615,125,164
30625,125,175
30637,125,171
30648,125,166
30658,125,179
30669,125,179
30680,125,182
30691,125,207
30702,125,194
30712,125,178
30724,125,187
30735,125,179
30745,125,173
30756,125,181
30768,125,172
30778,125,171
30789,125,181
30800,125,172
30811,125,172
30822,125,180
30832,125,169
30843,125,172
30855,125,179
30865,125,169
30876,125,173
30887,125,177
30898,125,168
30909,125,174
30920,126,178
