0,0,211
200,0,211
401,0,211
602,0,212
802,0,211
1003,0,211
1204,0,212
1404,0,212
1605,0,212
1806,0,212
2007,0,212
2207,0,212
2408,0,212
2609,0,212
2809,0,212
3010,0,212
3211,0,212
3411,0,212
3612,0,212
3813,0,212
4014,0,212
4214,0,212
4415,0,212
4616,0,212
4816,0,212
5017,0,212
5218,0,212
5419,0,212
5619,0,212
5820,0,212
6021,0,212
6221,0,211
6422,0,211
6623,0,212
6823,0,212
7024,0,212
7225,0,211
7426,0,211
7626,0,212
7827,0,212
8028,0,212
8228,0,211
8429,0,212
8630,0,212
8830,0,211
9031,0,211
9232,0,211
9433,0,211
9633,0,211
9834,0,211
10035,0,211
10235,0,211
10436,0,211
10637,0,211
10838,0,211
11038,0,211
11239,0,211
11440,0,211
11640,0,211
11841,0,211
12042,4,211
12242,22,211
12443,38,211
12644,59,211
12845,77,211
13045,98,211
13246,121,211
13448,137,211
13648,155,211
13849,174,211
14050,192,211
14251,218,214
14451,239,211
14652,257,210
14853,279,211
15054,302,211
15255,323,211
15456,341,210
15656,353,214
15857,368,211
16058,394,214
16259,415,211
16459,432,214
16661,440,211
16862,440,214
17062,463,211
17263,487,211
17464,512,214
17665,529,211
17865,544,215
18066,545,211
18268,546,214
18468,545,211
18669,546,214
18870,546,216
19070,544,210
19271,546,214
19472,544,211
19673,546,215
19874,544,211
20075,546,215
20276,544,212
20476,546,215
20677,546,212
20878,544,214
21079,546,215
21279,544,212
21481,546,215
21682,544,211
21882,546,215
22083,544,212
22284,546,215
22484,546,212
22685,544,215
22886,546,215
23088,544,212
23288,546,215
23489,543,212
23690,545,216
23890,544,212
24091,546,215
24292,543,213
24493,543,216
24694,545,217
24895,543,213
25096,546,216
25296,544,212
25497,545,216
25698,543,212
25899,545,216
26099,543,213
26301,545,216
26502,545,217
26702,543,212
26903,545,216
27104,543,213
27304,544,216
27505,543,213
27706,545,216
27908,543,213
28108,545,216
28309,545,213
28510,543,211
28710,545,216
28911,543,213
29112,545,216
29313,543,213
29514,545,216
29715,543,213
29916,545,216
30116,545,213
30317,543,216
30518,545,217
30718,543,213
30919,545,216
31121,543,214
31322,545,217
31522,543,214
31723,544,217
31924,543,214
32124,543,217
32325,545,217
32526,543,214
32728,545,217
32928,543,214
33129,544,217
33330,543,214
33530,544,217
33731,543,214
33932,545,217
34132,544,219
34334,543,213
34535,544,217
34736,542,214
34936,544,218
35137,542,214
35338,544,218
35538,542,215
35739,544,218
35941,544,215
36142,542,213
36342,543,218
36543,542,214
36744,544,218
36944,542,215
37145,544,218
37346,542,215
37548,544,218
37748,544,215
37949,542,218
38150,544,218
38350,542,215
38551,544,218
38752,542,215
38952,544,218
39154,542,215
39355,544,218
39556,542,215
39756,542,218
39957,544,219
40158,542,215
40358,544,218
40559,542,215
40761,544,219
40962,542,216
41162,543,219
41363,541,216
41564,543,219
41764,544,220
41965,542,216
42166,544,219
42368,542,216
42568,543,219
42769,542,216
42970,543,219
43170,541,216
43371,544,219
43572,543,216
43772,542,215
43974,544,219
44175,542,216
44376,544,219
44576,542,216
44777,544,219
44978,541,216
45178,543,220
45379,543,216
45581,541,219
45782,543,220
45982,542,216
46183,544,219
46384,541,216
46584,543,220
46785,542,217
46986,543,220
47187,543,216
47388,542,220
47589,544,219
47790,542,216
47990,543,220
48191,542,217
48392,543,220
48592,541,217
48794,543,220
48995,542,217
49196,542,220
49396,543,221
49597,541,217
49798,544,220
49998,542,217
50199,543,220
50401,541,217
50601,543,220
50802,542,217
51003,544,220
51204,544,221
51404,541,216
51605,543,220
51806,542,218
52007,543,221
52208,542,217
52409,543,221
52610,541,217
52810,543,221
53011,543,218
53212,541,216
53412,544,221
53614,542,217
53815,543,221
54016,541,217
54216,544,221
54417,541,218
54618,544,221
54818,543,218
55019,542,221
55221,543,221
55421,541,217
55622,543,221
55823,542,218
56024,543,221
56224,541,218
56425,543,221
56626,542,218
56827,542,221
57028,544,222
57229,541,218
57430,543,221
57630,542,218
57831,544,221
58032,541,218
58232,543,221
58434,542,218
58635,543,221
58835,544,222
59036,541,217
59237,543,222
59438,542,218
59638,543,222
59839,542,218
60041,543,221
60241,542,218
60442,543,221
60643,543,218
60844,541,217
61044,543,222
61245,541,218
61446,543,221
61647,542,218
61848,543,222
62049,541,218
62249,543,222
62450,543,218
62651,541,222
62852,543,222
63052,541,218
63254,543,222
63455,541,218
63655,543,222
63856,541,219
64057,543,222
64258,541,219
64458,541,222
64659,543,223
64861,541,219
65061,543,222
65262,541,219
65463,543,222
65664,541,219
65864,543,222
66065,541,219
66266,543,222
66467,543,223
66668,541,217
66869,543,222
67069,541,219
67270,543,222
67471,541,219
67672,543,222
67872,541,219
68074,543,222
68275,543,219
68475,555,218
68676,579,222
68877,608,219
69078,634,223
69278,655,219
69479,680,224
69681,700,219
69881,728,224
70082,756,223
70283,782,224
70483,809,223
70684,833,223
70885,856,223
71086,876,218
71287,895,223
71488,911,220
71689,925,223
71889,941,223
72090,952,224
72291,964,224
72492,975,224
72692,984,224
72894,998,224
73095,1012,224
73295,1022,224
73496,1022,223
73697,1022,225
73897,1022,224
74099,1022,224
74300,1023,224
74501,1022,224
74701,1022,224
74902,1022,224
75103,1022,225
75304,1021,224
75505,1022,224
75706,1022,224
75907,1022,224
76107,1022,225
76309,1023,224
76510,1023,224
76710,1022,224
76911,1022,224
77112,1021,225
77313,1022,225
77514,1022,224
77715,1022,224
77916,1022,225
78116,1022,225
78317,1021,225
78518,1022,225
78720,1022,225
78920,1022,226
79121,1021,225
79322,1023,225
79522,1022,225
79723,1022,225
79925,1023,225
80125,1023,225
80326,1022,226
80527,1022,226
80728,1021,226
80928,1022,226
81130,1022,226
81331,1022,225
81531,1023,226
81732,1022,226
81933,1022,226
82134,1022,226
82335,1023,226
82536,1022,226
82737,1022,226
82937,1022,226
83138,1022,226
83339,1022,226
83540,1022,226
83741,1022,226
83942,1023,226
84143,1022,226
84343,1022,226
84545,1023,226
84746,1021,227
84946,1022,227
85147,1022,227
85348,1022,227
85549,1021,227
85750,1022,226
85951,1022,227
86152,1022,227
86352,1022,227
86553,1022,227
86754,1022,227
86956,1022,227
87156,1022,228
87357,1022,227
87558,1023,227
87758,1022,227
87959,1022,228
88161,1022,227
88361,1021,227
88562,1022,228
88763,1022,228
88964,1022,228
89164,1022,228
89366,1023,228
89567,1022,228
89767,1022,228
89968,1021,228
90169,1022,228
90370,1023,228
90571,1022,228
90772,1022,228
90973,1023,228
91173,1023,228
91374,1022,228
91576,1022,228
91777,1022,229
91977,1023,229
92178,1022,229
92379,1023,229
92579,1022,228
92781,1021,229
92982,1022,229
93182,1022,229
93383,1022,229
93584,1022,229
93785,1023,229
93986,1021,229
94187,1022,229
94388,1022,229
94588,1022,229
94789,1021,229
94990,1023,229
95192,1022,229
95392,1021,229
95593,1023,229
95794,1022,230
95994,1022,229
96195,1022,229
96397,1022,229
96598,1022,229
96798,1022,230
96999,1022,229
97200,1023,229
97401,1023,229
97602,1022,230
97803,1022,230
98003,1022,230
98204,1022,229
98405,1022,230
98607,1022,230
98807,1022,230
99008,1022,230
99209,1021,230
99409,1023,230
99610,1022,230
99812,1022,230
100013,1022,230
100213,1022,230
100414,1022,230
100615,1021,230
100816,1022,230
101017,1022,230
101218,1022,230
101419,1022,230
101619,1022,230
101821,1023,230
102022,1022,230
102222,1022,230
102423,1022,230
102625,1022,230
102825,1023,230
103026,1022,230
103227,1021,230
103428,1022,230
103629,1022,231
103830,1022,230
104031,1023,230
104231,1021,230
104432,1021,230
104634,1022,230
104835,1022,230
105035,1022,230
105236,1022,230
105437,1022,231
105638,1023,231
105839,1022,230
106040,1021,231
106241,1022,231
106442,1022,231
106643,1022,231
106844,1022,231
107044,1022,231
107245,1023,231
107447,1021,231
107648,1022,231
107848,1021,231
108049,1022,231
108250,1023,231
108451,1022,231
108652,1022,231
108853,1023,231
109053,1022,232
109255,1022,232
109456,1022,232
109657,1023,231
109857,1023,232
110058,1021,232
110260,1022,232
110460,1022,232
110661,1022,232
110862,1023,231
111063,1022,232
111264,1022,232
111465,1022,232
111666,1023,231
111866,1022,232
112068,1022,232
112269,1022,232
112470,1023,232
112670,1023,232
112871,1022,232
113073,1021,232
113273,1023,232
113474,1023,232
113675,1021,232
113875,1021,232
114077,1022,232
114278,1022,232
114479,1022,233
114679,1021,232
114881,1022,232
115082,1022,232
115282,1022,232
115483,1022,232
115684,1023,232
115886,1022,232
116086,1022,233
116287,1022,232
116488,1022,232
116689,1022,232
116890,1022,232
117091,1022,233
117292,1022,233
117492,1022,233
117694,1023,233
117895,1022,233
118095,1023,233
118296,1022,233
118497,1022,233
118699,1021,233
118899,1023,233
119100,1022,233
119301,1022,233
119502,1021,233
119703,1022,233
119904,1022,233
120104,1022,233
120305,1022,233
120507,1023,233
120708,1022,233
120908,1022,234
121109,1021,233
121310,1022,234
121511,1022,234
121712,1022,234
121913,1022,233
122114,1022,233
122315,1023,233
122516,1022,234
122717,1022,233
122917,1022,233
123118,1022,234
123320,1023,234
123521,1022,233
123721,1022,234
123922,1022,233
124124,1022,234
124324,1022,234
124525,1022,234
124726,1023,234
124926,1022,234
125128,1022,234
125329,1022,234
125530,1022,234
125730,1021,234
125931,1022,234
126133,1022,234
126333,1022,234
126534,1022,234
126735,1021,234
126937,1022,234
127137,1022,234
127338,1022,234
127539,1022,234
127739,1022,234
127941,1023,234
128142,1022,234
128343,1021,235
128543,1021,234
128744,1022,235
128946,1021,235
129146,1021,234
129347,1022,234
129548,1022,234
129750,1023,234
129950,1022,234
130151,1022,234
130352,1021,235
130552,1022,235
130754,1022,234
130955,1023,235
131155,1022,235
131356,1022,235
131557,1022,235
131759,1021,235
131959,1023,235
132160,1021,235
132361,1022,235
132562,1022,235
132763,1023,235
132964,1022,235
133165,1023,235
133365,1022,235
133567,1022,235
133768,1022,235
133968,1022,235
134169,1022,236
134370,1022,235
134572,1021,235
134772,1022,235
134973,1022,235
135174,1022,235
135375,1022,235
135576,1023,235
135777,1023,235
135977,1022,236
136178,1022,235
136380,1022,236
136581,1022,236
136781,1022,235
136982,1022,235
137183,1022,235
137384,1022,235
137585,1023,235
137786,1022,236
137987,1022,235
138188,1022,235
138389,1022,236
138590,1022,235
138790,1022,235
138991,1022,235
139193,1022,235
139394,1021,235
139594,1021,236
139795,1022,235
139996,1022,236
140197,1022,236
140398,1022,235
140599,1022,236
140800,1022,235
141001,1022,236
141202,1022,235
141403,1022,235
141603,1022,236
141804,1023,235
142006,1022,236
142206,1022,235
142407,1023,235
142608,1022,236
142810,1021,236
143010,1022,236
143211,1023,235
143412,1023,236
143612,1022,236
143814,1022,236
144015,1022,236
144216,1023,236
144416,1022,236
144617,1021,236
144819,1023,235
145019,1022,236
145220,1021,236
145421,1022,235
145623,1022,236
145823,1022,236
146024,1022,236
146225,1022,236
146425,1022,235
146627,1022,236
146828,1022,236
147028,1022,236
147229,1023,235
147430,1022,235
147632,1022,236
147832,1022,235
148033,1022,235
148234,1022,235
148435,1022,235
148636,1022,235
148837,1023,235
149038,1023,235
149238,1022,235
149440,1023,235
149641,1022,235
149841,1022,235
150042,1023,235
150243,1022,235
150445,1022,235
150645,1022,235
150846,1022,235
151047,1022,235
151248,1022,235
151449,1021,235
151650,1023,235
151851,1023,235
152051,1022,235
152253,1022,235
152454,1022,235
152654,1022,236
152855,1021,235
153057,1022,235
153257,1021,235
153458,1022,235
153659,1022,235
153860,1023,235
154061,1022,236
154262,1015,236
154463,945,236
154663,862,236
154864,767,237
155066,675,238
155267,586,231
155467,507,238
155668,444,231
155869,437,230
156069,425,231
156271,341,231
156472,251,238
156673,165,231
156873,97,231
157074,16,231
157275,0,231
157475,0,231
157676,0,231
157878,0,231
158078,0,231
158279,0,231
158480,0,231
158681,0,231
158881,0,231
159082,0,231
159283,0,231
159483,0,231
159684,0,231
159885,0,231
160087,0,230
160287,0,230
160488,0,230
160689,0,230
160889,0,230
161090,0,230
161291,0,231
161491,0,230
161692,0,230
161893,0,230
162094,0,230
162294,0,230
162496,0,229
162697,0,230
162897,0,230
163098,0,230
163299,0,230
163500,0,229
163700,0,230
163901,0,229
164102,0,229
164302,0,229
164503,0,229
164704,0,229
164905,0,229
165106,0,229
165307,0,229
165508,0,229
165708,0,229
165909,0,229
166110,0,228
166310,0,228
166511,0,228
166712,0,228
166913,0,228
167113,0,228
167315,0,228
167516,0,228
167716,0,227
167917,0,228
168118,0,227
168318,0,228
168519,0,227
168720,0,227
168921,0,227
169121,0,227
169322,0,227
169523,0,227
169724,0,227
169925,0,227
170126,0,226
170327,0,227
170527,0,227
170728,0,227
170929,0,226
171129,0,226
171330,0,226
171531,0,226
171731,0,226
171932,0,226
172134,0,226
172335,0,226
172535,0,225
172736,0,226
172937,0,225
173137,0,225
173338,0,225
173539,0,225
173740,0,225
173940,0,225
174141,0,225
174342,0,225
174543,0,225
174744,0,224
174945,0,225
175145,0,224
175346,0,224
175547,0,225
175748,0,224
175948,0,224
176149,0,224
176350,0,224
176550,0,224
176751,0,224
176953,0,224
177154,0,224
177354,0,223
177555,0,223
177756,0,223
177956,0,223
178157,0,223
178358,0,223
178558,0,223
178759,0,223
178960,0,223
179161,0,223
179362,0,223
179563,0,222
179764,0,222
179964,0,223
180165,0,222
180366,0,222
180567,0,222
180767,0,222
180968,0,222
181169,0,222
181369,0,222
181570,0,222
181772,0,222
181972,0,222
182173,0,221
182374,0,221
182575,0,222
182775,0,221
182976,0,221
183177,0,221
183377,0,221
183578,0,222
183779,0,221
183980,0,221
184181,0,221
184382,0,221
184583,0,221
184783,0,221
184984,0,220
185185,0,221
185385,0,220
185586,0,220
185787,0,220
185988,0,220
186188,0,220
186389,0,220
186591,0,220
186791,0,220
186992,0,220
187193,0,220
187394,0,220
187594,0,220
187795,0,219
187996,0,220
188196,0,220
188397,0,220
188598,0,220
188800,0,219
189000,0,219
189201,0,219
189402,0,219
189602,0,219
189803,0,219
190004,0,219
190204,0,219
190405,0,219
190606,0,219
190807,0,219
191007,0,219
191209,0,219
191410,0,218
191610,0,219
191811,0,219
192012,0,219
192212,0,218
192413,0,218
192614,0,219
192815,0,218
193015,0,218
193216,0,218
193417,0,218
193618,0,218
193819,0,218
194020,0,218
194221,0,218
194421,0,218
194622,0,218
194823,0,218
195023,0,218
195224,0,218
195425,0,218
195625,0,218
195826,0,218
196028,0,218
196229,0,217
196429,0,218
196630,0,217
196831,0,217
197031,0,218
197232,0,217
197433,0,217
197634,0,217
197834,0,217
198035,0,217
198236,0,217
198437,0,217
198638,0,218
198839,0,217
199040,0,217
199240,0,217
199441,0,217
199642,0,217
199842,0,217
200043,0,217
200244,0,217
200444,0,217
200645,0,217
200847,0,217
201048,0,217
201248,0,217
201449,0,217
201650,0,216
201850,0,217
202051,0,216
202252,0,217
202452,0,217
202653,0,217
202854,0,217
203056,0,217
203256,0,217
203457,0,217
203658,0,217
203858,0,217
204059,0,217
204260,0,216
204461,0,216
204661,0,216
204862,0,216
205063,0,216
205263,0,216
205465,0,216
205666,0,216
205867,0,216
206067,0,216
206268,0,216
206469,0,216
206669,0,216
206870,0,216
207071,0,216
207271,0,216
207472,0,216
207673,0,216
207875,0,216
208075,0,216
208276,0,216
208477,0,216
208677,0,216
208878,0,216
209079,0,216
209280,0,215
209480,0,216
209681,0,216
209882,0,216
210082,0,216
210284,0,215
210485,0,215
210685,0,215
210886,0,215
211087,0,215
211288,0,215
211488,0,216
211689,0,216
211890,0,216
212090,0,216
212291,0,215
212492,0,215
212694,0,216
212894,0,216
213095,0,216
213296,0,215
213496,0,215
213697,0,215
213898,0,216
214098,0,216
214299,0,215
214500,0,215
214701,0,215
214901,0,215
215103,0,216
215304,0,215
215504,0,215
215705,0,216
215906,0,215
216107,0,215
216307,0,216
216508,0,216
216709,0,215
216909,0,216
217110,0,216
217312,0,215
217512,0,215
217713,0,215
217914,0,215
218115,0,215
218315,0,215
218516,0,215
218717,0,215
218917,0,215
219118,0,215
219319,0,215
219520,0,215
219721,0,215
219922,0,215
220123,0,215
220323,0,215
220524,0,215
220725,0,215
220925,0,215
221126,0,215
221327,0,215
221528,0,215
221728,0,214
221929,0,215
222131,0,215
222331,0,215
222532,0,215
222733,0,215
222934,0,215
223134,0,215
223335,0,215
223536,0,215
223736,0,215
223937,0,215
224138,0,215
224338,0,214
224540,0,214
224741,0,215
224942,0,214
225142,0,214
225343,0,214
225544,0,214
225744,0,215
225945,0,215
226146,0,214
226347,0,214
226547,0,215
226748,0,215
226950,0,214
227150,0,214
227351,0,215
227552,0,215
227752,0,215
227953,0,214
228154,0,214
228355,0,214
228555,0,215
228756,0,214
228957,0,214
229158,0,215
229359,0,214
229560,0,214
229761,0,214
229961,0,214
230162,0,214
230363,0,214
230563,0,214
230764,0,214
230965,0,214
231165,0,215
231366,0,214
231568,0,214
231769,0,215
231969,0,214
232170,0,214
232371,0,214
232571,0,214
232772,0,214
232973,0,214
233174,0,214
233374,0,214
233575,0,214
233776,0,214
233977,0,214
234178,0,214
234379,0,214
234579,0,214
234780,0,215
234981,0,214
235182,0,214
235382,0,214
235583,0,214
235784,0,214
235984,0,214
236185,0,214
236387,0,214
236588,0,214
236788,0,215
236989,0,214
237190,0,214
237390,0,215
237591,0,214
237792,0,214
237992,0,215
238193,0,214
238394,0,214
238596,0,214
238796,0,214
238997,0,214
239198,0,214
239398,0,214
239599,0,214
239800,0,214
240001,0,214
240201,0,214
240402,0,214
240603,0,214
240803,0,214
241005,0,214
241206,0,214
241406,0,214
241607,0,214
241808,0,214
242009,0,214
242209,0,214
242410,0,214
242611,0,214
242811,0,214
243012,0,214
243213,0,214
243415,0,214
243615,0,214
243816,0,214
244017,0,214
244217,0,214
244418,0,214
244619,0,214
244819,0,214
245020,0,214
245221,0,214
245422,0,214
245623,0,214
245824,0,214
246025,0,214
246225,0,214
246426,0,214
246627,0,214
246828,0,214
247028,0,214
247229,0,214
247430,0,214
247630,0,214
247831,0,214
248033,0,214
248233,0,214
248434,0,214
248635,0,214
248836,0,214
249036,0,214
249237,0,214
249438,0,214
249638,0,214
249839,0,214
250040,0,214
250241,0,214
250442,0,214
250643,0,214
250844,0,214
251044,0,214
251245,0,214
251446,0,214
251646,0,214
251847,0,214
252048,0,214
252249,0,214
252449,0,214
252650,0,214
252852,0,214
253052,0,214
253253,0,214
253454,0,214
253655,0,214
253855,0,214
254056,0,214
254257,0,214
254457,0,214
254658,0,214
254859,0,214
255060,0,214
255261,0,214
255462,0,214
255663,0,214
255863,0,214
256064,0,214
256265,0,213
256465,0,214
256666,0,214
256867,0,214
257068,0,214
257268,0,214
257470,0,214
257671,0,214
257871,0,214
258072,0,214
258273,0,214
258473,0,214
258674,0,213
258875,0,214
259076,0,214
259276,0,214
259477,0,214
259678,0,214
259879,0,214
260080,0,214
260281,0,214
260482,0,214
260682,0,214
260883,0,214
261084,0,214
261284,0,214
261485,0,214
261686,0,214
261886,0,214
262087,0,214
262289,0,214
262490,0,214
262690,0,214
262891,0,214
263092,0,214
263292,0,214
263493,0,214
263694,0,214
263895,0,214
264095,0,214
264296,0,214
264497,0,214
264698,0,213
264899,0,214
265100,0,214
265300,0,214
265501,0,214
265702,0,213
265903,0,213
266103,0,214
266304,0,214
266505,0,213
266705,0,214
266906,0,213
267108,0,214
267309,0,213
267509,0,213
267710,0,214
267911,0,214
268111,0,214
268312,0,214
268513,0,214
268713,0,214
268914,0,213
269115,0,214
269317,0,213
269517,0,213
269718,0,213
269919,0,214
270119,0,214
270320,0,213
270521,0,213
270722,0,214
270922,0,214
271123,0,213
271324,0,213
271524,0,214
271726,0,214
271927,0,213
272128,0,214
272328,0,213
272529,0,214
272730,0,213
272930,0,214
273131,0,214
273332,0,213
273532,0,213
273733,0,213
273934,0,213
274136,0,214
274336,0,213
274537,0,213
274738,0,213
274938,0,213
275139,0,214
275340,0,213
275540,0,213
275741,0,214
275942,0,213
276143,0,213
276343,0,213
276545,0,214
276746,0,214
276946,0,213
277147,0,213
277348,0,213
277549,0,214
277749,0,213
277950,0,213
278151,0,213
278351,0,213
278552,0,213
278754,0,213
278955,0,213
279155,0,213
279356,0,214
279557,0,213
279757,0,213
279958,0,213
280159,0,213
280359,0,213
280560,0,213
280761,0,213
280962,0,213
